,time,hash,latitude,longitude,serial,distance
0,2019-08-04T02:00:00Z,14c7e1511b70f4dd3359cbece1377aebb4d70531f5489eefe53d7c3c,60.16544,24.95398,0000000038d83d41,25.36
1,2019-08-04T02:00:00Z,165ebbb4090d47319ae370f0d0854fdc1f6b79499f8b2e4d3c3533c0,60.16544,24.95398,0000000038d83d41,27.28
2,2019-08-04T02:00:00Z,17b28910b6cbc057680693633275c4ca53938281bc38178f96c44947,60.17002,24.94407,000000006b087f40,31.5
3,2019-08-04T02:00:00Z,297c725b456ef12d2712634b21546721cbe93224d3a5762d897404f2,60.16762,24.95415,000000006b44cce7,11.7
4,2019-08-04T02:00:00Z,3944bc7a301be7241d1f7bc4a97f221000d535ce3d8a9af9af9b23b5,60.16531,24.9442,00000000fdda10fe,23.56
5,2019-08-04T02:00:00Z,43b676ed3aef4c2d8846694817e76117873be52e7f788e0cb366c1c4,60.16629,24.95957,00000000fb7600be,23.56
6,2019-08-04T02:00:00Z,43ea43e1aaac8d6d523965f79fd32aa5e5942a98e66e9b6dbaf67f8d,60.16897,24.95222,00000000aa852af1,14.89
7,2019-08-04T02:00:00Z,43f0659ef87792b2d876153eb4b35ac5ac2db3bd5de1eb30f3303e5c,60.17002,24.94407,000000006b087f40,33.81
8,2019-08-04T02:00:00Z,5bbb5184fded3e51bc78e45e39917794285e6bbc72da404802a9599a,60.16531,24.9442,00000000fdda10fe,21.87
9,2019-08-04T02:00:00Z,5c833bdbbf1fd3a307bb37daa4021d8b3d3342b1552dcc0989fe9b16,60.16762,24.95415,000000006b44cce7,9.92
10,2019-08-04T02:00:00Z,5d65719c4cbf045f068d084b72302f447d5fd034413d97d13be00d0e,60.18203,24.91341,00000000342570c2,17.4
11,2019-08-04T02:00:00Z,66dabd3229229330d23c70e9e1737429ddfe69db01f4a6a00f70fa20,60.16762,24.95415,000000006b44cce7,20.28
12,2019-08-04T02:00:00Z,6a70e2fbced719333e21eff04fcb9cb36bae9a04d1a3d6ddd96f2c58,60.15432,24.9211,0000000019fb59c4,18.79
13,2019-08-04T02:00:00Z,6c4c3fd8fa1c46dafdf6c420406a7ed41d85ebbdee767b1937ce6af0,60.16762,24.95415,000000006b44cce7,25.36
14,2019-08-04T02:00:00Z,6f06341f358e61699fe1e55e986dd0554bc8da28b91daf0c5ad99db6,60.16629,24.95957,00000000fb7600be,38.87
15,2019-08-04T02:00:00Z,747f2d1ebff218c0ebbdc0fdaef4cbe56633dfb46ae1b1f8c8142201,60.16762,24.95415,000000006b44cce7,13.75
16,2019-08-04T02:00:00Z,793101e1460a163336a3cac64fab8c81000c19084220aefc41e83e08,60.14951,24.92138,0000000006dd41f6,31.5
17,2019-08-04T02:00:00Z,7986470a464b3209b8bd8128aa284404949b052dd423b443746edcff,60.14951,24.92138,0000000006dd41f6,33.81
18,2019-08-04T02:00:00Z,79f136afa0dd8717337c01c70b457c464aaf0fa25b440f51a394ec23,60.16762,24.95415,000000006b44cce7,36.27
19,2019-08-04T02:00:00Z,7de75f59d3110cdf6e742fba9785ed0399f83ea50e4c5d255adb21ff,60.16897,24.95222,00000000aa852af1,20.28
20,2019-08-04T02:00:00Z,87dfaad29a9276ddddb1fa021d3bc23ad14824c1af16f7d87e713689,60.14951,24.92138,0000000006dd41f6,11.7
21,2019-08-04T02:00:00Z,89982a6acf91b79a282a6b63978e946ee205f303fcd20e944e06baf0,60.16544,24.95398,0000000038d83d41,20.28
22,2019-08-04T02:00:00Z,8c75c3289c84fe4493e1e272a77b615fe1985880c5dc68a7c1a17b53,60.16762,24.95415,000000006b44cce7,9.92
23,2019-08-04T02:00:00Z,91d3b80de4439a4a49ddb8a04d72a0a2ec6c08f351d70232842af567,60.16762,24.95415,000000006b44cce7,23.56
24,2019-08-04T02:00:00Z,96c0705b3062754c4e9afc471e280530de69c8820bac642f30d4022b,60.16762,24.95415,000000006b44cce7,21.87
25,2019-08-04T02:00:00Z,a3a21ef15e1883941a7ed2eb6150357ae068aa4b0b6ce6ca0482ea3a,60.1538,24.95595,0000000038bf9618,33.81
26,2019-08-04T02:00:00Z,a3b4b2c08d30b2cbabe32fd49bcbb4f45f50a3f0b0e74f856bedb831,60.16762,24.95415,000000006b44cce7,11.7
27,2019-08-04T02:00:00Z,a91d379a4b57c5df22db0d7a041ff69f657b4b31f28554b1011fc03c,60.16544,24.95398,0000000038d83d41,25.36
28,2019-08-04T02:00:00Z,b5fd6b317890e5ab2d79e2cd1abe61626d45a753c7337d0d40728898,60.16762,24.95415,000000006b44cce7,9.92
29,2019-08-04T02:00:00Z,c40c37def6bf11a63a2556519a7c6233fd417cdeea2cf14f28e7c42c,60.16531,24.9442,00000000fdda10fe,20.28
30,2019-08-04T02:00:00Z,c578a1f266f1ac8f40756ab095d6d81719f90b3a1d4c4808f72ce963,60.14951,24.92138,0000000006dd41f6,31.5
31,2019-08-04T02:00:00Z,c9cb2b9de2b21abecad29584393bea94a97f282f234f310e2468d7a7,60.16075,24.95883,00000000f1124bca,27.28
32,2019-08-04T02:00:00Z,cf05623e4d87ce0906c0b0b7dbf53aacc1228016cd27c341228b6e76,60.18203,24.91341,00000000342570c2,17.4
33,2019-08-04T02:00:00Z,d0bb9fef9a0ef26adcdd4732c9c20361bce49826f32c2892242831b8,60.16762,24.95415,000000006b44cce7,17.4
34,2019-08-04T02:00:00Z,f088630d7476dae7d4b7e2bb1f10575f2c89acb4b6e061f3d57c2b40,60.16531,24.9442,00000000fdda10fe,31.5
35,2019-08-04T02:00:00Z,f6609ab1076b1105bb845595a03b41b8fbb282f79c337df5bbc9f841,60.14699,24.922,00000000a53ed894,17.4
36,2019-08-04T02:00:00Z,fc4f3a44235f1cfc7b53f14ba2da599976a5a0a220d23b852688e485,60.17919,24.95181,000000007b5207b6,16.1
37,2019-08-04T02:00:00Z,032a59647297ad5458cd75a64c6405172cebb8eb2f33b7ab5ce92c4b,60.17918,24.95141,00000000675d5200,13.75
38,2019-08-04T02:00:00Z,033315d9de4e24b31697b4d26c71dec6e314545795fc0bea96aaa565,60.16829,24.94214,00000000afef4555,27.28
39,2019-08-04T02:00:00Z,046d88221ec15b64bcac02c9056c3cdd39e2ce29bc8cde90aa2d7ed9,60.16897,24.95222,00000000aa852af1,16.1
40,2019-08-04T02:00:00Z,11acd771bb0e2f3b2f3e08a7f5e80f0f44e73a715bff0585bc669672,60.17002,24.94407,000000006b087f40,17.4
41,2019-08-04T02:00:00Z,124a6ddd121114d11fcde48234ff0b8931d0f3fba2b00efd0948255c,60.16897,24.95222,00000000aa852af1,11.7
42,2019-08-04T02:00:00Z,137a95acb1432cb5b163aa6e55df6f8d03cfd04b24a6938e6e4d659d,60.16762,24.95415,000000006b44cce7,4.5
43,2019-08-04T02:00:00Z,1780f64a77699d00e2128b929079dfa4cbc3724f901639c7ca5049f1,60.16629,24.95957,00000000fb7600be,14.89
44,2019-08-04T02:00:00Z,2696f6a462520c8284659d993a9bf0545c2b2f278e1538f7f60dd1d3,60.17002,24.94407,000000006b087f40,7.05
45,2019-08-04T02:00:00Z,3887fec87dd40ed28900ea630ba55753da933476c2f9d019a0ad8d90,60.16829,24.94214,00000000afef4555,13.75
46,2019-08-04T02:00:00Z,41563291ad4864bc7bc48c55bb60b489655036f1b6bc2a8e39c6bd6c,60.17919,24.95181,000000007b5207b6,16.1
47,2019-08-04T02:00:00Z,44191012ca0a0cedd409ed55303e99c00a837d6a5e72cfe691cd3c52,60.16762,24.95415,000000006b44cce7,12.69
48,2019-08-04T02:00:00Z,45f3f37f5104c27fc21a7db518e7a7f57b68709f23f02b5efa540f7a,60.14947,24.91438,000000004ef3150d,9.92
49,2019-08-04T02:00:00Z,47de555c057bf55633de335cbcd553c3ed54cb6937bf717f3e9c2098,60.1538,24.95595,0000000038bf9618,21.87
50,2019-08-04T02:00:00Z,480fb4d21f468835d0f2dcb08f1de1762a769273f6735a320b3821d7,60.14699,24.922,00000000a53ed894,33.81
51,2019-08-04T02:00:00Z,4c3b8a7c738751ab5f9248766749e3c897b23514b294f34880eff55a,60.16897,24.95222,00000000aa852af1,21.87
52,2019-08-04T02:00:00Z,584cb0b0cdd14e608c8b57c8aecc9826f9b40027e365e2438a444ea2,60.16762,24.95415,000000006b44cce7,13.75
53,2019-08-04T02:00:00Z,5a089a2b4bb3f5a34f57f2dcafd1462570fa59744c22e9b00735e8c6,60.1538,24.95595,0000000038bf9618,20.28
54,2019-08-04T02:00:00Z,66204b23c643abf2cc380d679bb57d79c309c25ca943b49c4f183b2d,60.16829,24.94214,00000000afef4555,25.36
55,2019-08-04T02:00:00Z,6ff48066dbbd91fad556cf8d4584f5f79f7961521855734e82e4c187,60.16762,24.95415,000000006b44cce7,3.4
56,2019-08-04T02:00:00Z,71f355be08f13d640dc24a9f913f4ed2b3b255a64857aef79266e4a9,60.14699,24.922,00000000a53ed894,38.87
57,2019-08-04T02:00:00Z,72e41e18be36571bb9da70ab3087ef307dd5f0366829c8d0457c9685,60.16829,24.94214,00000000afef4555,18.79
58,2019-08-04T02:00:00Z,7af0c77f50a36fde55c6116ce6fc95063a67a5db61e827b85739d62d,60.16762,24.95415,000000006b44cce7,18.79
59,2019-08-04T02:00:00Z,7b91d732042030189a304f65807ba95cf9e2445e16fd7666747e7e56,60.1538,24.95595,0000000038bf9618,18.79
60,2019-08-04T02:00:00Z,7bafc9b6f74b521018b3c6eb85088f47050dae502879caa96dcb94a6,60.1538,24.95595,0000000038bf9618,9.92
61,2019-08-04T02:00:00Z,8b49994992a96e97c5f92629f1aca931941db8b36050ac6b25c3c67f,60.16897,24.95222,00000000aa852af1,41.64
62,2019-08-04T02:00:00Z,908f6e55722b62d1a119a53c057da05ffa37d70f23fd89ffff5bc996,60.16531,24.9442,00000000fdda10fe,16.1
63,2019-08-04T02:00:00Z,9313086be16704612615b82b0fb0a2bac8d249cbf373b54d85a5b3f1,60.1538,24.95595,0000000038bf9618,29.32
64,2019-08-04T02:00:00Z,94fb0519469907d303095ced8eea82b15282bbaf6df970a9d4025cb2,60.17002,24.94407,000000006b087f40,25.36
65,2019-08-04T02:00:00Z,9d713c9ce415e473048b45bbb35d6dcdef35cabaca39aa54f2e781a3,60.16531,24.9442,00000000fdda10fe,38.87
66,2019-08-04T02:00:00Z,aa1d7752e4be44a55f5bfc8df2f6c278afe69b5b19b79702a22908f8,60.1538,24.95595,0000000038bf9618,17.4
67,2019-08-04T02:00:00Z,abde1ce60ef19a41508ac1f9661c3dec611550421c09cc568ced193f,60.17002,24.94407,000000006b087f40,17.4
68,2019-08-04T02:00:00Z,b38900c896751899e1c20c791610870bbbde7839746846d07481e0c7,60.16829,24.94214,00000000afef4555,29.32
69,2019-08-04T02:00:00Z,b6b900b0eb62ba369c75a8851299367b1ebd94fbf19ccfa3d5466248,60.1538,24.95595,0000000038bf9618,31.5
70,2019-08-04T02:00:00Z,bc07df8cc395f6f4f5d483b2233caca5f93a6918f346e4cc3702f8cc,60.16531,24.9442,00000000fdda10fe,7.05
71,2019-08-04T02:00:00Z,c0a0ca3433586ed2ae0e448f2406fabac7292ac79d49562e0bd5cef8,60.16762,24.95415,000000006b44cce7,23.56
72,2019-08-04T02:00:00Z,d216c5aae815b17688c826ff70440e8ff2c5b869fb63b024792f0e53,60.16829,24.94214,00000000afef4555,16.1
73,2019-08-04T02:00:00Z,d2385ee2268e25ac4ecb903a337a6e512910a99cd4349e54eb5eaa72,60.17002,24.94407,000000006b087f40,33.81
74,2019-08-04T02:00:00Z,e1bc48d02d172fa89085656433b35028a10ff453a3261a2634984559,60.149,24.9843,00000000fffb8cf0,13.75
75,2019-08-04T02:00:00Z,e30c8d515f787275f7e911287d598f569fcfc5092a203f4c001d0dc6,60.16762,24.95415,000000006b44cce7,23.56
76,2019-08-04T02:00:00Z,e66dee158121004b2a8098c673bc0d10944147d07f5f738cb9dd32be,60.16829,24.94214,00000000afef4555,20.28
77,2019-08-04T02:00:00Z,ecd3f6878f10e201456713c185926a3d85ae8b5eb2484b73f155ec5a,60.16531,24.9442,00000000fdda10fe,11.7
78,2019-08-04T02:00:00Z,ed3b2eaece7e8846b296ad5c3f195aafb7410c95a88887d845982981,60.16762,24.95415,000000006b44cce7,14.89
79,2019-08-04T02:00:00Z,f2f62de93f5e3596a61d41a7fe5f0a10b2a73b89597cc33137ff5d2f,60.16829,24.94214,00000000afef4555,17.4
80,2019-08-04T02:00:00Z,f39586246b349fd26e26b06bfdbf9149d03895270dfe4268dd7a6848,60.1538,24.95595,0000000038bf9618,17.4
81,2019-08-04T02:00:00Z,f5aacd9295422139e8a9e2b97cbd8572523063a0af31f9c921ba9e16,60.16531,24.9442,00000000fdda10fe,10.78
82,2019-08-04T02:00:00Z,f8273595f5e5729d41d9da6b8dd60a5b3bd34f343f1ffe267c18d619,60.16762,24.95415,000000006b44cce7,7.69
83,2019-08-04T02:00:00Z,f9399339c3de44774896319d3f291771cebcaf2666df1d6062469882,60.16531,24.9442,00000000fdda10fe,31.5
84,2019-08-04T02:00:00Z,f9e28a5bfffbfa5e1f903d0e09d25b9b1f72e0e7217cb6c8ffef7d50,60.16829,24.94214,00000000afef4555,23.56
85,2019-08-04T02:00:01Z,14c7e1511b70f4dd3359cbece1377aebb4d70531f5489eefe53d7c3c,60.16544,24.95398,0000000038d83d41,29.32
86,2019-08-04T02:00:01Z,165ebbb4090d47319ae370f0d0854fdc1f6b79499f8b2e4d3c3533c0,60.16544,24.95398,0000000038d83d41,25.36
87,2019-08-04T02:00:01Z,17b28910b6cbc057680693633275c4ca53938281bc38178f96c44947,60.17002,24.94407,000000006b087f40,38.87
88,2019-08-04T02:00:01Z,297c725b456ef12d2712634b21546721cbe93224d3a5762d897404f2,60.16762,24.95415,000000006b44cce7,10.78
89,2019-08-04T02:00:01Z,3944bc7a301be7241d1f7bc4a97f221000d535ce3d8a9af9af9b23b5,60.16531,24.9442,00000000fdda10fe,31.5
90,2019-08-04T02:00:01Z,43b676ed3aef4c2d8846694817e76117873be52e7f788e0cb366c1c4,60.16629,24.95957,00000000fb7600be,21.87
91,2019-08-04T02:00:01Z,43ea43e1aaac8d6d523965f79fd32aa5e5942a98e66e9b6dbaf67f8d,60.16897,24.95222,00000000aa852af1,20.28
92,2019-08-04T02:00:01Z,5bbb5184fded3e51bc78e45e39917794285e6bbc72da404802a9599a,60.16531,24.9442,00000000fdda10fe,18.79
93,2019-08-04T02:00:01Z,5c833bdbbf1fd3a307bb37daa4021d8b3d3342b1552dcc0989fe9b16,60.16762,24.95415,000000006b44cce7,21.87
94,2019-08-04T02:00:01Z,5d65719c4cbf045f068d084b72302f447d5fd034413d97d13be00d0e,60.18203,24.91341,00000000342570c2,17.4
95,2019-08-04T02:00:01Z,6066632ddc94b5c482a2d4f45ed2532e55e3fd63e414a084a596a737,60.16762,24.95415,000000006b44cce7,20.28
96,2019-08-04T02:00:01Z,66dabd3229229330d23c70e9e1737429ddfe69db01f4a6a00f70fa20,60.16762,24.95415,000000006b44cce7,18.79
97,2019-08-04T02:00:01Z,6a70e2fbced719333e21eff04fcb9cb36bae9a04d1a3d6ddd96f2c58,60.15432,24.9211,0000000019fb59c4,20.28
98,2019-08-04T02:00:01Z,6f06341f358e61699fe1e55e986dd0554bc8da28b91daf0c5ad99db6,60.16629,24.95957,00000000fb7600be,27.28
99,2019-08-04T02:00:01Z,6ff437688c444238352c28f64f9d2a7d0f14d19c9ea42c225380501e,60.16762,24.95415,000000006b44cce7,23.56
100,2019-08-04T02:00:01Z,7de75f59d3110cdf6e742fba9785ed0399f83ea50e4c5d255adb21ff,60.16897,24.95222,00000000aa852af1,17.4
101,2019-08-04T02:00:01Z,87dfaad29a9276ddddb1fa021d3bc23ad14824c1af16f7d87e713689,60.14951,24.92138,0000000006dd41f6,9.12
102,2019-08-04T02:00:01Z,89982a6acf91b79a282a6b63978e946ee205f303fcd20e944e06baf0,60.16544,24.95398,0000000038d83d41,25.36
103,2019-08-04T02:00:01Z,8c75c3289c84fe4493e1e272a77b615fe1985880c5dc68a7c1a17b53,60.16762,24.95415,000000006b44cce7,17.4
104,2019-08-04T02:00:01Z,91d3b80de4439a4a49ddb8a04d72a0a2ec6c08f351d70232842af567,60.16762,24.95415,000000006b44cce7,23.56
105,2019-08-04T02:00:01Z,96c0705b3062754c4e9afc471e280530de69c8820bac642f30d4022b,60.16762,24.95415,000000006b44cce7,21.87
106,2019-08-04T02:00:01Z,a3b4b2c08d30b2cbabe32fd49bcbb4f45f50a3f0b0e74f856bedb831,60.16762,24.95415,000000006b44cce7,17.4
107,2019-08-04T02:00:01Z,b5fd6b317890e5ab2d79e2cd1abe61626d45a753c7337d0d40728898,60.16762,24.95415,000000006b44cce7,8.38
108,2019-08-04T02:00:01Z,c40c37def6bf11a63a2556519a7c6233fd417cdeea2cf14f28e7c42c,60.16531,24.9442,00000000fdda10fe,17.4
109,2019-08-04T02:00:01Z,c578a1f266f1ac8f40756ab095d6d81719f90b3a1d4c4808f72ce963,60.14951,24.92138,0000000006dd41f6,23.56
110,2019-08-04T02:00:01Z,c9cb2b9de2b21abecad29584393bea94a97f282f234f310e2468d7a7,60.16075,24.95883,00000000f1124bca,25.36
111,2019-08-04T02:00:01Z,ce197d5eedb5498917afe7ca3f7275ffeb191f0c5d050bffa154c1d2,60.16531,24.9442,00000000fdda10fe,29.32
112,2019-08-04T02:00:01Z,cf05623e4d87ce0906c0b0b7dbf53aacc1228016cd27c341228b6e76,60.18203,24.91341,00000000342570c2,17.4
113,2019-08-04T02:00:01Z,d0bb9fef9a0ef26adcdd4732c9c20361bce49826f32c2892242831b8,60.16762,24.95415,000000006b44cce7,20.28
114,2019-08-04T02:00:01Z,d3a7551bf49985224896e28a8242dbfe20c7a5e4642726a7febfce7b,60.17002,24.94407,000000006b087f40,33.81
115,2019-08-04T02:00:01Z,f088630d7476dae7d4b7e2bb1f10575f2c89acb4b6e061f3d57c2b40,60.16531,24.9442,00000000fdda10fe,23.56
116,2019-08-04T02:00:01Z,f31f5bdb4a4c81da52b05c2e91ed700307625920f573cdcf68c91d19,60.16897,24.95222,00000000aa852af1,36.27
117,2019-08-04T02:00:01Z,f6609ab1076b1105bb845595a03b41b8fbb282f79c337df5bbc9f841,60.14699,24.922,00000000a53ed894,16.1
118,2019-08-04T02:00:01Z,f8c416f55164b687ab9cfd75fa477720c41f36c1f8b5f48a301b70b2,60.16544,24.95398,0000000038d83d41,36.27
119,2019-08-04T02:00:01Z,fc4f3a44235f1cfc7b53f14ba2da599976a5a0a220d23b852688e485,60.17919,24.95181,000000007b5207b6,16.1
120,2019-08-04T02:00:01Z,032a59647297ad5458cd75a64c6405172cebb8eb2f33b7ab5ce92c4b,60.17918,24.95141,00000000675d5200,14.89
121,2019-08-04T02:00:01Z,033315d9de4e24b31697b4d26c71dec6e314545795fc0bea96aaa565,60.16829,24.94214,00000000afef4555,23.56
122,2019-08-04T02:00:01Z,046d88221ec15b64bcac02c9056c3cdd39e2ce29bc8cde90aa2d7ed9,60.16897,24.95222,00000000aa852af1,31.5
123,2019-08-04T02:00:01Z,0486b4520285f3ca2132b986edabb7c19dfc5708a6c163ff40ed37b9,60.16448,24.97323,0000000053c6c2be,16.1
124,2019-08-04T02:00:01Z,11acd771bb0e2f3b2f3e08a7f5e80f0f44e73a715bff0585bc669672,60.17002,24.94407,000000006b087f40,31.5
125,2019-08-04T02:00:01Z,124a6ddd121114d11fcde48234ff0b8931d0f3fba2b00efd0948255c,60.16897,24.95222,00000000aa852af1,16.1
126,2019-08-04T02:00:01Z,137a95acb1432cb5b163aa6e55df6f8d03cfd04b24a6938e6e4d659d,60.16762,24.95415,000000006b44cce7,17.4
127,2019-08-04T02:00:01Z,1614a6fbca53a19defe8682aeee48010deb932f0f7cb48b7f3a374da,60.1538,24.95595,0000000038bf9618,33.81
128,2019-08-04T02:00:01Z,1780f64a77699d00e2128b929079dfa4cbc3724f901639c7ca5049f1,60.16629,24.95957,00000000fb7600be,16.1
129,2019-08-04T02:00:01Z,26166cf5b9b16d54fc1561e096e46512a7b60243de6b9acdf28d33b1,60.16829,24.94214,00000000afef4555,29.32
130,2019-08-04T02:00:01Z,2696f6a462520c8284659d993a9bf0545c2b2f278e1538f7f60dd1d3,60.17002,24.94407,000000006b087f40,7.05
131,2019-08-04T02:00:01Z,2acdcfed6579c3f9a1683b1f56e28b2b7b75403200b054e6edd09fe7,60.1538,24.95595,0000000038bf9618,33.81
132,2019-08-04T02:00:01Z,30fa308b62f0b2690eb8de9a8dcd711bb02917322258ed95a7c50362,60.17002,24.94407,000000006b087f40,33.81
133,2019-08-04T02:00:01Z,3887fec87dd40ed28900ea630ba55753da933476c2f9d019a0ad8d90,60.16829,24.94214,00000000afef4555,23.56
134,2019-08-04T02:00:01Z,406c8df3855d308047a12843434f2fac7dc6a2dba12c20edbdf06606,60.1538,24.95595,0000000038bf9618,5.91
135,2019-08-04T02:00:01Z,41563291ad4864bc7bc48c55bb60b489655036f1b6bc2a8e39c6bd6c,60.17919,24.95181,000000007b5207b6,31.5
136,2019-08-04T02:00:01Z,44191012ca0a0cedd409ed55303e99c00a837d6a5e72cfe691cd3c52,60.16762,24.95415,000000006b44cce7,12.69
137,2019-08-04T02:00:01Z,45f3f37f5104c27fc21a7db518e7a7f57b68709f23f02b5efa540f7a,60.14947,24.91438,000000004ef3150d,12.69
138,2019-08-04T02:00:01Z,47de555c057bf55633de335cbcd553c3ed54cb6937bf717f3e9c2098,60.1538,24.95595,0000000038bf9618,27.28
139,2019-08-04T02:00:01Z,4c3b8a7c738751ab5f9248766749e3c897b23514b294f34880eff55a,60.16897,24.95222,00000000aa852af1,38.87
140,2019-08-04T02:00:01Z,584cb0b0cdd14e608c8b57c8aecc9826f9b40027e365e2438a444ea2,60.16762,24.95415,000000006b44cce7,10.78
141,2019-08-04T02:00:01Z,5a089a2b4bb3f5a34f57f2dcafd1462570fa59744c22e9b00735e8c6,60.1538,24.95595,0000000038bf9618,23.56
142,2019-08-04T02:00:01Z,5fe8361986b55846f6d1ec3097d8574942a395272565380955783578,60.16829,24.94214,00000000afef4555,18.79
143,2019-08-04T02:00:01Z,66204b23c643abf2cc380d679bb57d79c309c25ca943b49c4f183b2d,60.16829,24.94214,00000000afef4555,31.5
144,2019-08-04T02:00:01Z,6ff48066dbbd91fad556cf8d4584f5f79f7961521855734e82e4c187,60.16762,24.95415,000000006b44cce7,4.11
145,2019-08-04T02:00:01Z,72e41e18be36571bb9da70ab3087ef307dd5f0366829c8d0457c9685,60.16829,24.94214,00000000afef4555,17.4
146,2019-08-04T02:00:01Z,7af0c77f50a36fde55c6116ce6fc95063a67a5db61e827b85739d62d,60.16762,24.95415,000000006b44cce7,12.69
147,2019-08-04T02:00:01Z,7b91d732042030189a304f65807ba95cf9e2445e16fd7666747e7e56,60.1538,24.95595,0000000038bf9618,25.36
148,2019-08-04T02:00:01Z,7bafc9b6f74b521018b3c6eb85088f47050dae502879caa96dcb94a6,60.1538,24.95595,0000000038bf9618,12.69
149,2019-08-04T02:00:01Z,8b49994992a96e97c5f92629f1aca931941db8b36050ac6b25c3c67f,60.16897,24.95222,00000000aa852af1,21.87
150,2019-08-04T02:00:01Z,908f6e55722b62d1a119a53c057da05ffa37d70f23fd89ffff5bc996,60.16531,24.9442,00000000fdda10fe,10.78
151,2019-08-04T02:00:01Z,9173442e2f747f902896659a35f9782497dbe91c8c5c8e5b2c712fba,60.16897,24.95222,00000000aa852af1,29.32
152,2019-08-04T02:00:01Z,94fb0519469907d303095ced8eea82b15282bbaf6df970a9d4025cb2,60.17002,24.94407,000000006b087f40,13.75
153,2019-08-04T02:00:01Z,9885232e95a8b6b4437174be089c6af71b1fe0bddfea879d306b3041,60.17002,24.94407,000000006b087f40,23.56
154,2019-08-04T02:00:01Z,9aa6011401452463ec819f07785394855c0b49c418b8e19d5fc768df,60.1538,24.95595,0000000038bf9618,20.28
155,2019-08-04T02:00:01Z,9d713c9ce415e473048b45bbb35d6dcdef35cabaca39aa54f2e781a3,60.16531,24.9442,00000000fdda10fe,44.58
156,2019-08-04T02:00:01Z,aa1d7752e4be44a55f5bfc8df2f6c278afe69b5b19b79702a22908f8,60.1538,24.95595,0000000038bf9618,25.36
157,2019-08-04T02:00:01Z,abde1ce60ef19a41508ac1f9661c3dec611550421c09cc568ced193f,60.17002,24.94407,000000006b087f40,38.87
158,2019-08-04T02:00:01Z,b506a9cd3cec63a7d46738cf85aca5e1af318642251763063cd376d8,60.16762,24.95415,000000006b44cce7,21.87
159,2019-08-04T02:00:01Z,b6b900b0eb62ba369c75a8851299367b1ebd94fbf19ccfa3d5466248,60.1538,24.95595,0000000038bf9618,17.4
160,2019-08-04T02:00:01Z,bc07df8cc395f6f4f5d483b2233caca5f93a6918f346e4cc3702f8cc,60.16531,24.9442,00000000fdda10fe,7.05
161,2019-08-04T02:00:01Z,c0a0ca3433586ed2ae0e448f2406fabac7292ac79d49562e0bd5cef8,60.16762,24.95415,000000006b44cce7,12.69
162,2019-08-04T02:00:01Z,c9ce14e0dbf0cf3c24f6a92a1930fa32de9a1de0ffe63082ccddb0d6,60.16448,24.97323,0000000053c6c2be,25.36
163,2019-08-04T02:00:01Z,d00f32677e342c7dcb88c9fa30272e08ec9a4f49d8006dffbf598a03,60.16762,24.95415,000000006b44cce7,29.32
164,2019-08-04T02:00:01Z,d216c5aae815b17688c826ff70440e8ff2c5b869fb63b024792f0e53,60.16829,24.94214,00000000afef4555,14.89
165,2019-08-04T02:00:01Z,d2385ee2268e25ac4ecb903a337a6e512910a99cd4349e54eb5eaa72,60.17002,24.94407,000000006b087f40,27.28
166,2019-08-04T02:00:01Z,d6ad6fb5be8355cc1f877358ec4f09a2ba3df7c177e331113ef376a1,60.16829,24.94214,00000000afef4555,29.32
167,2019-08-04T02:00:01Z,e1bc48d02d172fa89085656433b35028a10ff453a3261a2634984559,60.149,24.9843,00000000fffb8cf0,31.5
168,2019-08-04T02:00:01Z,e30c8d515f787275f7e911287d598f569fcfc5092a203f4c001d0dc6,60.16762,24.95415,000000006b44cce7,21.87
169,2019-08-04T02:00:01Z,e5b564cf327f7db10f48bff6a13bbcb59e968da0f12c91756dfdfc09,60.16762,24.95415,000000006b44cce7,33.81
170,2019-08-04T02:00:01Z,e66dee158121004b2a8098c673bc0d10944147d07f5f738cb9dd32be,60.16829,24.94214,00000000afef4555,23.56
171,2019-08-04T02:00:01Z,e7baeb3fa75db84982c28c08efcf29a123618b687c634aae2f7a2b1a,60.16531,24.9442,00000000fdda10fe,21.87
172,2019-08-04T02:00:01Z,e8e8a9de5f61b99c3112c21d7e04620774bb5b9c615ec741aa5e8f66,60.1538,24.95595,0000000038bf9618,14.89
173,2019-08-04T02:00:01Z,ecd3f6878f10e201456713c185926a3d85ae8b5eb2484b73f155ec5a,60.16531,24.9442,00000000fdda10fe,9.92
174,2019-08-04T02:00:01Z,f2f62de93f5e3596a61d41a7fe5f0a10b2a73b89597cc33137ff5d2f,60.16829,24.94214,00000000afef4555,16.1
175,2019-08-04T02:00:01Z,f39586246b349fd26e26b06bfdbf9149d03895270dfe4268dd7a6848,60.1538,24.95595,0000000038bf9618,36.27
176,2019-08-04T02:00:01Z,f5aacd9295422139e8a9e2b97cbd8572523063a0af31f9c921ba9e16,60.16531,24.9442,00000000fdda10fe,9.12
177,2019-08-04T02:00:01Z,f8273595f5e5729d41d9da6b8dd60a5b3bd34f343f1ffe267c18d619,60.16762,24.95415,000000006b44cce7,6.46
178,2019-08-04T02:00:01Z,fa52a42bfc016af263aa6de3e51a3c8e965865253feb53003081635e,60.16829,24.94214,00000000afef4555,31.5
179,2019-08-04T02:00:02Z,14c7e1511b70f4dd3359cbece1377aebb4d70531f5489eefe53d7c3c,60.16544,24.95398,0000000038d83d41,21.87
180,2019-08-04T02:00:02Z,165ebbb4090d47319ae370f0d0854fdc1f6b79499f8b2e4d3c3533c0,60.16544,24.95398,0000000038d83d41,27.28
181,2019-08-04T02:00:02Z,297c725b456ef12d2712634b21546721cbe93224d3a5762d897404f2,60.16762,24.95415,000000006b44cce7,12.69
182,2019-08-04T02:00:02Z,43b676ed3aef4c2d8846694817e76117873be52e7f788e0cb366c1c4,60.16629,24.95957,00000000fb7600be,23.56
183,2019-08-04T02:00:02Z,43ea43e1aaac8d6d523965f79fd32aa5e5942a98e66e9b6dbaf67f8d,60.16897,24.95222,00000000aa852af1,20.28
184,2019-08-04T02:00:02Z,43f0659ef87792b2d876153eb4b35ac5ac2db3bd5de1eb30f3303e5c,60.17002,24.94407,000000006b087f40,29.32
185,2019-08-04T02:00:02Z,5bbb5184fded3e51bc78e45e39917794285e6bbc72da404802a9599a,60.16531,24.9442,00000000fdda10fe,21.87
186,2019-08-04T02:00:02Z,5c833bdbbf1fd3a307bb37daa4021d8b3d3342b1552dcc0989fe9b16,60.16762,24.95415,000000006b44cce7,18.79
187,2019-08-04T02:00:02Z,5d65719c4cbf045f068d084b72302f447d5fd034413d97d13be00d0e,60.18203,24.91341,00000000342570c2,18.79
188,2019-08-04T02:00:02Z,6066632ddc94b5c482a2d4f45ed2532e55e3fd63e414a084a596a737,60.16762,24.95415,000000006b44cce7,16.1
189,2019-08-04T02:00:02Z,66dabd3229229330d23c70e9e1737429ddfe69db01f4a6a00f70fa20,60.16762,24.95415,000000006b44cce7,20.28
190,2019-08-04T02:00:02Z,6a70e2fbced719333e21eff04fcb9cb36bae9a04d1a3d6ddd96f2c58,60.15432,24.9211,0000000019fb59c4,20.28
191,2019-08-04T02:00:02Z,6f06341f358e61699fe1e55e986dd0554bc8da28b91daf0c5ad99db6,60.16629,24.95957,00000000fb7600be,31.5
192,2019-08-04T02:00:02Z,6ff437688c444238352c28f64f9d2a7d0f14d19c9ea42c225380501e,60.16762,24.95415,000000006b44cce7,21.87
193,2019-08-04T02:00:02Z,747f2d1ebff218c0ebbdc0fdaef4cbe56633dfb46ae1b1f8c8142201,60.16762,24.95415,000000006b44cce7,12.69
194,2019-08-04T02:00:02Z,79f136afa0dd8717337c01c70b457c464aaf0fa25b440f51a394ec23,60.16762,24.95415,000000006b44cce7,12.69
195,2019-08-04T02:00:02Z,7de75f59d3110cdf6e742fba9785ed0399f83ea50e4c5d255adb21ff,60.16897,24.95222,00000000aa852af1,20.28
196,2019-08-04T02:00:02Z,87dfaad29a9276ddddb1fa021d3bc23ad14824c1af16f7d87e713689,60.14951,24.92138,0000000006dd41f6,12.69
197,2019-08-04T02:00:02Z,89982a6acf91b79a282a6b63978e946ee205f303fcd20e944e06baf0,60.16544,24.95398,0000000038d83d41,33.81
198,2019-08-04T02:00:02Z,8c75c3289c84fe4493e1e272a77b615fe1985880c5dc68a7c1a17b53,60.16762,24.95415,000000006b44cce7,20.28
199,2019-08-04T02:00:02Z,91d3b80de4439a4a49ddb8a04d72a0a2ec6c08f351d70232842af567,60.16762,24.95415,000000006b44cce7,21.87
200,2019-08-04T02:00:02Z,96c0705b3062754c4e9afc471e280530de69c8820bac642f30d4022b,60.16762,24.95415,000000006b44cce7,23.56
201,2019-08-04T02:00:02Z,a3b4b2c08d30b2cbabe32fd49bcbb4f45f50a3f0b0e74f856bedb831,60.16762,24.95415,000000006b44cce7,12.69
202,2019-08-04T02:00:02Z,b33ae7715d6d2571066655c2c8954a5a364b5601869047de83410d9f,60.16629,24.95957,00000000fb7600be,18.79
203,2019-08-04T02:00:02Z,b5fd6b317890e5ab2d79e2cd1abe61626d45a753c7337d0d40728898,60.16762,24.95415,000000006b44cce7,9.92
204,2019-08-04T02:00:02Z,c40c37def6bf11a63a2556519a7c6233fd417cdeea2cf14f28e7c42c,60.16531,24.9442,00000000fdda10fe,23.56
205,2019-08-04T02:00:02Z,c9cb2b9de2b21abecad29584393bea94a97f282f234f310e2468d7a7,60.16075,24.95883,00000000f1124bca,29.32
206,2019-08-04T02:00:02Z,ce197d5eedb5498917afe7ca3f7275ffeb191f0c5d050bffa154c1d2,60.16531,24.9442,00000000fdda10fe,33.81
207,2019-08-04T02:00:02Z,cf05623e4d87ce0906c0b0b7dbf53aacc1228016cd27c341228b6e76,60.18203,24.91341,00000000342570c2,17.4
208,2019-08-04T02:00:02Z,d0bb9fef9a0ef26adcdd4732c9c20361bce49826f32c2892242831b8,60.16762,24.95415,000000006b44cce7,18.79
209,2019-08-04T02:00:02Z,f088630d7476dae7d4b7e2bb1f10575f2c89acb4b6e061f3d57c2b40,60.16531,24.9442,00000000fdda10fe,25.36
210,2019-08-04T02:00:02Z,f31f5bdb4a4c81da52b05c2e91ed700307625920f573cdcf68c91d19,60.16897,24.95222,00000000aa852af1,33.81
211,2019-08-04T02:00:02Z,f6609ab1076b1105bb845595a03b41b8fbb282f79c337df5bbc9f841,60.14699,24.922,00000000a53ed894,11.7
212,2019-08-04T02:00:02Z,fc4f3a44235f1cfc7b53f14ba2da599976a5a0a220d23b852688e485,60.17919,24.95181,000000007b5207b6,21.87
213,2019-08-04T02:00:02Z,032a59647297ad5458cd75a64c6405172cebb8eb2f33b7ab5ce92c4b,60.17918,24.95141,00000000675d5200,14.89
214,2019-08-04T02:00:02Z,033315d9de4e24b31697b4d26c71dec6e314545795fc0bea96aaa565,60.16829,24.94214,00000000afef4555,25.36
215,2019-08-04T02:00:02Z,046d88221ec15b64bcac02c9056c3cdd39e2ce29bc8cde90aa2d7ed9,60.16897,24.95222,00000000aa852af1,16.1
216,2019-08-04T02:00:02Z,0486b4520285f3ca2132b986edabb7c19dfc5708a6c163ff40ed37b9,60.16448,24.97323,0000000053c6c2be,16.1
217,2019-08-04T02:00:02Z,11acd771bb0e2f3b2f3e08a7f5e80f0f44e73a715bff0585bc669672,60.17002,24.94407,000000006b087f40,27.28
218,2019-08-04T02:00:02Z,124a6ddd121114d11fcde48234ff0b8931d0f3fba2b00efd0948255c,60.16897,24.95222,00000000aa852af1,18.79
219,2019-08-04T02:00:02Z,137a95acb1432cb5b163aa6e55df6f8d03cfd04b24a6938e6e4d659d,60.16762,24.95415,000000006b44cce7,11.7
220,2019-08-04T02:00:02Z,1614a6fbca53a19defe8682aeee48010deb932f0f7cb48b7f3a374da,60.1538,24.95595,0000000038bf9618,23.56
221,2019-08-04T02:00:02Z,1780f64a77699d00e2128b929079dfa4cbc3724f901639c7ca5049f1,60.16629,24.95957,00000000fb7600be,13.75
222,2019-08-04T02:00:02Z,1dacfb371d75dd4f90f447aac2a00faad98beb4188a6971c19eb2375,60.16629,24.95957,00000000fb7600be,31.5
223,2019-08-04T02:00:02Z,2acdcfed6579c3f9a1683b1f56e28b2b7b75403200b054e6edd09fe7,60.1538,24.95595,0000000038bf9618,23.56
224,2019-08-04T02:00:02Z,339f6a365c38070f7de8fbf2f831e126f72a0f5d109d5be30735cb7e,60.16897,24.95222,00000000aa852af1,11.7
225,2019-08-04T02:00:02Z,361f937ab1057efd291aadfbf88395a903b0bbcfff8ee3afe1431a31,60.16544,24.95398,0000000038d83d41,27.28
226,2019-08-04T02:00:02Z,41563291ad4864bc7bc48c55bb60b489655036f1b6bc2a8e39c6bd6c,60.17918,24.95141,00000000675d5200,9.92
227,2019-08-04T02:00:02Z,44191012ca0a0cedd409ed55303e99c00a837d6a5e72cfe691cd3c52,60.16762,24.95415,000000006b44cce7,23.56
228,2019-08-04T02:00:02Z,45f3f37f5104c27fc21a7db518e7a7f57b68709f23f02b5efa540f7a,60.14947,24.91438,000000004ef3150d,9.92
229,2019-08-04T02:00:02Z,47de555c057bf55633de335cbcd553c3ed54cb6937bf717f3e9c2098,60.1538,24.95595,0000000038bf9618,31.5
230,2019-08-04T02:00:02Z,4933441a869df1350df5f0d62d5eb729a3e16345489767c9e3c7b25d,60.16829,24.94214,00000000afef4555,33.81
231,2019-08-04T02:00:02Z,584cb0b0cdd14e608c8b57c8aecc9826f9b40027e365e2438a444ea2,60.16762,24.95415,000000006b44cce7,13.75
232,2019-08-04T02:00:02Z,58b7c53decdf23347782d6442cb4349ee5312db1d5ba8da9e4c2af25,60.16762,24.95415,000000006b44cce7,16.1
233,2019-08-04T02:00:02Z,5a089a2b4bb3f5a34f57f2dcafd1462570fa59744c22e9b00735e8c6,60.1538,24.95595,0000000038bf9618,14.89
234,2019-08-04T02:00:02Z,5fe8361986b55846f6d1ec3097d8574942a395272565380955783578,60.16829,24.94214,00000000afef4555,27.28
235,2019-08-04T02:00:02Z,699b48bb93c5befb62ff0686e75f158406b659f14daec16ab66d4499,60.15432,24.9211,0000000019fb59c4,20.28
236,2019-08-04T02:00:02Z,6ff48066dbbd91fad556cf8d4584f5f79f7961521855734e82e4c187,60.16762,24.95415,000000006b44cce7,9.92
237,2019-08-04T02:00:02Z,70cc7b0a8e166380ca0fbc55a58d9a59c9de9f05a9f95ebb82482d5a,60.16762,24.95415,000000006b44cce7,9.92
238,2019-08-04T02:00:02Z,72e41e18be36571bb9da70ab3087ef307dd5f0366829c8d0457c9685,60.16829,24.94214,00000000afef4555,18.79
239,2019-08-04T02:00:02Z,74cb545f76f0bfc5498607247e26e814276a11ce91f77208054ecbc5,60.17002,24.94407,000000006b087f40,25.36
240,2019-08-04T02:00:02Z,7b91d732042030189a304f65807ba95cf9e2445e16fd7666747e7e56,60.1538,24.95595,0000000038bf9618,12.69
241,2019-08-04T02:00:02Z,7bafc9b6f74b521018b3c6eb85088f47050dae502879caa96dcb94a6,60.1538,24.95595,0000000038bf9618,17.4
242,2019-08-04T02:00:02Z,8b49994992a96e97c5f92629f1aca931941db8b36050ac6b25c3c67f,60.16897,24.95222,00000000aa852af1,27.28
243,2019-08-04T02:00:02Z,908f6e55722b62d1a119a53c057da05ffa37d70f23fd89ffff5bc996,60.16531,24.9442,00000000fdda10fe,11.7
244,2019-08-04T02:00:02Z,94fb0519469907d303095ced8eea82b15282bbaf6df970a9d4025cb2,60.17002,24.94407,000000006b087f40,12.69
245,2019-08-04T02:00:02Z,9885232e95a8b6b4437174be089c6af71b1fe0bddfea879d306b3041,60.17002,24.94407,000000006b087f40,29.32
246,2019-08-04T02:00:02Z,a12dfe20bcda9301943010682dd87a01ab2662611ca795c4ff1fe6c6,60.16531,24.9442,00000000fdda10fe,27.28
247,2019-08-04T02:00:02Z,aa1d7752e4be44a55f5bfc8df2f6c278afe69b5b19b79702a22908f8,60.1538,24.95595,0000000038bf9618,29.32
248,2019-08-04T02:00:02Z,b506a9cd3cec63a7d46738cf85aca5e1af318642251763063cd376d8,60.16762,24.95415,000000006b44cce7,18.79
249,2019-08-04T02:00:02Z,b6b900b0eb62ba369c75a8851299367b1ebd94fbf19ccfa3d5466248,60.1538,24.95595,0000000038bf9618,23.56
250,2019-08-04T02:00:02Z,bc07df8cc395f6f4f5d483b2233caca5f93a6918f346e4cc3702f8cc,60.16531,24.9442,00000000fdda10fe,9.92
251,2019-08-04T02:00:02Z,c0a0ca3433586ed2ae0e448f2406fabac7292ac79d49562e0bd5cef8,60.16762,24.95415,000000006b44cce7,13.75
252,2019-08-04T02:00:02Z,c9ce14e0dbf0cf3c24f6a92a1930fa32de9a1de0ffe63082ccddb0d6,60.16448,24.97323,0000000053c6c2be,33.81
253,2019-08-04T02:00:02Z,d216c5aae815b17688c826ff70440e8ff2c5b869fb63b024792f0e53,60.16829,24.94214,00000000afef4555,14.89
254,2019-08-04T02:00:02Z,d6ad6fb5be8355cc1f877358ec4f09a2ba3df7c177e331113ef376a1,60.16829,24.94214,00000000afef4555,21.87
255,2019-08-04T02:00:02Z,e1bc48d02d172fa89085656433b35028a10ff453a3261a2634984559,60.149,24.9843,00000000fffb8cf0,14.89
256,2019-08-04T02:00:02Z,e5b564cf327f7db10f48bff6a13bbcb59e968da0f12c91756dfdfc09,60.16762,24.95415,000000006b44cce7,18.79
257,2019-08-04T02:00:02Z,e66dee158121004b2a8098c673bc0d10944147d07f5f738cb9dd32be,60.16829,24.94214,00000000afef4555,31.5
258,2019-08-04T02:00:02Z,e8e8a9de5f61b99c3112c21d7e04620774bb5b9c615ec741aa5e8f66,60.1538,24.95595,0000000038bf9618,18.79
259,2019-08-04T02:00:02Z,ecd3f6878f10e201456713c185926a3d85ae8b5eb2484b73f155ec5a,60.16531,24.9442,00000000fdda10fe,7.05
260,2019-08-04T02:00:02Z,f2f62de93f5e3596a61d41a7fe5f0a10b2a73b89597cc33137ff5d2f,60.16829,24.94214,00000000afef4555,16.1
261,2019-08-04T02:00:02Z,f8273595f5e5729d41d9da6b8dd60a5b3bd34f343f1ffe267c18d619,60.16762,24.95415,000000006b44cce7,7.05
262,2019-08-04T02:00:02Z,fa52a42bfc016af263aa6de3e51a3c8e965865253feb53003081635e,60.16829,24.94214,00000000afef4555,23.56
263,2019-08-04T02:00:02Z,fdee081029f300921f900de7b5ca558afa02840b183c6555169c26c7,60.1538,24.95595,0000000038bf9618,31.5
264,2019-08-04T02:00:03Z,14c7e1511b70f4dd3359cbece1377aebb4d70531f5489eefe53d7c3c,60.16544,24.95398,0000000038d83d41,21.87
265,2019-08-04T02:00:03Z,165ebbb4090d47319ae370f0d0854fdc1f6b79499f8b2e4d3c3533c0,60.16544,24.95398,0000000038d83d41,25.36
266,2019-08-04T02:00:03Z,297c725b456ef12d2712634b21546721cbe93224d3a5762d897404f2,60.16762,24.95415,000000006b44cce7,12.69
267,2019-08-04T02:00:03Z,3944bc7a301be7241d1f7bc4a97f221000d535ce3d8a9af9af9b23b5,60.16531,24.9442,00000000fdda10fe,29.32
268,2019-08-04T02:00:03Z,43b676ed3aef4c2d8846694817e76117873be52e7f788e0cb366c1c4,60.16629,24.95957,00000000fb7600be,25.36
269,2019-08-04T02:00:03Z,43ea43e1aaac8d6d523965f79fd32aa5e5942a98e66e9b6dbaf67f8d,60.16897,24.95222,00000000aa852af1,21.87
270,2019-08-04T02:00:03Z,5c833bdbbf1fd3a307bb37daa4021d8b3d3342b1552dcc0989fe9b16,60.16762,24.95415,000000006b44cce7,11.7
271,2019-08-04T02:00:03Z,5d65719c4cbf045f068d084b72302f447d5fd034413d97d13be00d0e,60.18203,24.91341,00000000342570c2,18.79
272,2019-08-04T02:00:03Z,66dabd3229229330d23c70e9e1737429ddfe69db01f4a6a00f70fa20,60.16762,24.95415,000000006b44cce7,21.87
273,2019-08-04T02:00:03Z,6a70e2fbced719333e21eff04fcb9cb36bae9a04d1a3d6ddd96f2c58,60.15432,24.9211,0000000019fb59c4,18.79
274,2019-08-04T02:00:03Z,6f06341f358e61699fe1e55e986dd0554bc8da28b91daf0c5ad99db6,60.16629,24.95957,00000000fb7600be,25.36
275,2019-08-04T02:00:03Z,6ff437688c444238352c28f64f9d2a7d0f14d19c9ea42c225380501e,60.16762,24.95415,000000006b44cce7,21.87
276,2019-08-04T02:00:03Z,747f2d1ebff218c0ebbdc0fdaef4cbe56633dfb46ae1b1f8c8142201,60.16762,24.95415,000000006b44cce7,18.79
277,2019-08-04T02:00:03Z,79f136afa0dd8717337c01c70b457c464aaf0fa25b440f51a394ec23,60.16762,24.95415,000000006b44cce7,13.75
278,2019-08-04T02:00:03Z,7de75f59d3110cdf6e742fba9785ed0399f83ea50e4c5d255adb21ff,60.16897,24.95222,00000000aa852af1,18.79
279,2019-08-04T02:00:03Z,87dfaad29a9276ddddb1fa021d3bc23ad14824c1af16f7d87e713689,60.14951,24.92138,0000000006dd41f6,9.92
280,2019-08-04T02:00:03Z,89982a6acf91b79a282a6b63978e946ee205f303fcd20e944e06baf0,60.16544,24.95398,0000000038d83d41,18.79
281,2019-08-04T02:00:03Z,8c75c3289c84fe4493e1e272a77b615fe1985880c5dc68a7c1a17b53,60.16762,24.95415,000000006b44cce7,10.78
282,2019-08-04T02:00:03Z,91d3b80de4439a4a49ddb8a04d72a0a2ec6c08f351d70232842af567,60.16762,24.95415,000000006b44cce7,23.56
283,2019-08-04T02:00:03Z,a3b4b2c08d30b2cbabe32fd49bcbb4f45f50a3f0b0e74f856bedb831,60.16762,24.95415,000000006b44cce7,17.4
284,2019-08-04T02:00:03Z,a91d379a4b57c5df22db0d7a041ff69f657b4b31f28554b1011fc03c,60.16544,24.95398,0000000038d83d41,25.36
285,2019-08-04T02:00:03Z,b33ae7715d6d2571066655c2c8954a5a364b5601869047de83410d9f,60.16629,24.95957,00000000fb7600be,21.87
286,2019-08-04T02:00:03Z,b5fd6b317890e5ab2d79e2cd1abe61626d45a753c7337d0d40728898,60.16762,24.95415,000000006b44cce7,7.69
287,2019-08-04T02:00:03Z,c40c37def6bf11a63a2556519a7c6233fd417cdeea2cf14f28e7c42c,60.16531,24.9442,00000000fdda10fe,18.79
288,2019-08-04T02:00:03Z,c578a1f266f1ac8f40756ab095d6d81719f90b3a1d4c4808f72ce963,60.14951,24.92138,0000000006dd41f6,23.56
289,2019-08-04T02:00:03Z,c9cb2b9de2b21abecad29584393bea94a97f282f234f310e2468d7a7,60.16075,24.95883,00000000f1124bca,27.28
290,2019-08-04T02:00:03Z,cf05623e4d87ce0906c0b0b7dbf53aacc1228016cd27c341228b6e76,60.18203,24.91341,00000000342570c2,17.4
291,2019-08-04T02:00:03Z,d0bb9fef9a0ef26adcdd4732c9c20361bce49826f32c2892242831b8,60.16762,24.95415,000000006b44cce7,31.5
292,2019-08-04T02:00:03Z,f088630d7476dae7d4b7e2bb1f10575f2c89acb4b6e061f3d57c2b40,60.16531,24.9442,00000000fdda10fe,23.56
293,2019-08-04T02:00:03Z,f31f5bdb4a4c81da52b05c2e91ed700307625920f573cdcf68c91d19,60.16897,24.95222,00000000aa852af1,33.81
294,2019-08-04T02:00:03Z,f6609ab1076b1105bb845595a03b41b8fbb282f79c337df5bbc9f841,60.14699,24.922,00000000a53ed894,14.89
295,2019-08-04T02:00:03Z,fc4f3a44235f1cfc7b53f14ba2da599976a5a0a220d23b852688e485,60.17919,24.95181,000000007b5207b6,18.79
296,2019-08-04T02:00:03Z,032a59647297ad5458cd75a64c6405172cebb8eb2f33b7ab5ce92c4b,60.17918,24.95141,00000000675d5200,13.75
297,2019-08-04T02:00:03Z,046d88221ec15b64bcac02c9056c3cdd39e2ce29bc8cde90aa2d7ed9,60.16897,24.95222,00000000aa852af1,7.69
298,2019-08-04T02:00:03Z,11acd771bb0e2f3b2f3e08a7f5e80f0f44e73a715bff0585bc669672,60.17002,24.94407,000000006b087f40,25.36
299,2019-08-04T02:00:03Z,124a6ddd121114d11fcde48234ff0b8931d0f3fba2b00efd0948255c,60.16897,24.95222,00000000aa852af1,27.28
300,2019-08-04T02:00:03Z,137a95acb1432cb5b163aa6e55df6f8d03cfd04b24a6938e6e4d659d,60.16762,24.95415,000000006b44cce7,9.92
301,2019-08-04T02:00:03Z,1780f64a77699d00e2128b929079dfa4cbc3724f901639c7ca5049f1,60.16629,24.95957,00000000fb7600be,14.89
302,2019-08-04T02:00:03Z,26166cf5b9b16d54fc1561e096e46512a7b60243de6b9acdf28d33b1,60.16829,24.94214,00000000afef4555,21.87
303,2019-08-04T02:00:03Z,339f6a365c38070f7de8fbf2f831e126f72a0f5d109d5be30735cb7e,60.16897,24.95222,00000000aa852af1,25.36
304,2019-08-04T02:00:03Z,361f937ab1057efd291aadfbf88395a903b0bbcfff8ee3afe1431a31,60.16544,24.95398,0000000038d83d41,31.5
305,2019-08-04T02:00:03Z,3887fec87dd40ed28900ea630ba55753da933476c2f9d019a0ad8d90,60.16829,24.94214,00000000afef4555,17.4
306,2019-08-04T02:00:03Z,41563291ad4864bc7bc48c55bb60b489655036f1b6bc2a8e39c6bd6c,60.17918,24.95141,00000000675d5200,7.69
307,2019-08-04T02:00:03Z,44191012ca0a0cedd409ed55303e99c00a837d6a5e72cfe691cd3c52,60.16762,24.95415,000000006b44cce7,16.1
308,2019-08-04T02:00:03Z,45f3f37f5104c27fc21a7db518e7a7f57b68709f23f02b5efa540f7a,60.14947,24.91438,000000004ef3150d,10.78
309,2019-08-04T02:00:03Z,584cb0b0cdd14e608c8b57c8aecc9826f9b40027e365e2438a444ea2,60.16762,24.95415,000000006b44cce7,9.92
310,2019-08-04T02:00:03Z,5a089a2b4bb3f5a34f57f2dcafd1462570fa59744c22e9b00735e8c6,60.1538,24.95595,0000000038bf9618,17.4
311,2019-08-04T02:00:03Z,6ff48066dbbd91fad556cf8d4584f5f79f7961521855734e82e4c187,60.16762,24.95415,000000006b44cce7,4.5
312,2019-08-04T02:00:03Z,70cc7b0a8e166380ca0fbc55a58d9a59c9de9f05a9f95ebb82482d5a,60.16762,24.95415,000000006b44cce7,10.78
313,2019-08-04T02:00:03Z,72e41e18be36571bb9da70ab3087ef307dd5f0366829c8d0457c9685,60.16829,24.94214,00000000afef4555,27.28
314,2019-08-04T02:00:03Z,7a0f425ccdf5813a089dd619056db4cf41173803f079c37bab520825,60.18203,24.91341,00000000342570c2,31.5
315,2019-08-04T02:00:03Z,7af0c77f50a36fde55c6116ce6fc95063a67a5db61e827b85739d62d,60.16762,24.95415,000000006b44cce7,13.75
316,2019-08-04T02:00:03Z,7b91d732042030189a304f65807ba95cf9e2445e16fd7666747e7e56,60.1538,24.95595,0000000038bf9618,13.75
317,2019-08-04T02:00:03Z,7bafc9b6f74b521018b3c6eb85088f47050dae502879caa96dcb94a6,60.1538,24.95595,0000000038bf9618,14.89
318,2019-08-04T02:00:03Z,8b49994992a96e97c5f92629f1aca931941db8b36050ac6b25c3c67f,60.16897,24.95222,00000000aa852af1,20.28
319,2019-08-04T02:00:03Z,908f6e55722b62d1a119a53c057da05ffa37d70f23fd89ffff5bc996,60.16531,24.9442,00000000fdda10fe,1.88
320,2019-08-04T02:00:03Z,9173442e2f747f902896659a35f9782497dbe91c8c5c8e5b2c712fba,60.16897,24.95222,00000000aa852af1,29.32
321,2019-08-04T02:00:03Z,94fb0519469907d303095ced8eea82b15282bbaf6df970a9d4025cb2,60.17002,24.94407,000000006b087f40,17.4
322,2019-08-04T02:00:03Z,9885232e95a8b6b4437174be089c6af71b1fe0bddfea879d306b3041,60.17002,24.94407,000000006b087f40,18.79
323,2019-08-04T02:00:03Z,a12dfe20bcda9301943010682dd87a01ab2662611ca795c4ff1fe6c6,60.16531,24.9442,00000000fdda10fe,29.32
324,2019-08-04T02:00:03Z,aa1d7752e4be44a55f5bfc8df2f6c278afe69b5b19b79702a22908f8,60.1538,24.95595,0000000038bf9618,31.5
325,2019-08-04T02:00:03Z,abde1ce60ef19a41508ac1f9661c3dec611550421c09cc568ced193f,60.17002,24.94407,000000006b087f40,21.87
326,2019-08-04T02:00:03Z,b6b900b0eb62ba369c75a8851299367b1ebd94fbf19ccfa3d5466248,60.1538,24.95595,0000000038bf9618,23.56
327,2019-08-04T02:00:03Z,bc07df8cc395f6f4f5d483b2233caca5f93a6918f346e4cc3702f8cc,60.16531,24.9442,00000000fdda10fe,10.78
328,2019-08-04T02:00:03Z,c0a0ca3433586ed2ae0e448f2406fabac7292ac79d49562e0bd5cef8,60.16762,24.95415,000000006b44cce7,12.69
329,2019-08-04T02:00:03Z,c0a9e5ef98b6392d3c421416384db1cddc693b95d0f9ec50cb0bbb92,60.1538,24.95595,0000000038bf9618,27.28
330,2019-08-04T02:00:03Z,c9ce14e0dbf0cf3c24f6a92a1930fa32de9a1de0ffe63082ccddb0d6,60.16448,24.97323,0000000053c6c2be,25.36
331,2019-08-04T02:00:03Z,d216c5aae815b17688c826ff70440e8ff2c5b869fb63b024792f0e53,60.16829,24.94214,00000000afef4555,12.69
332,2019-08-04T02:00:03Z,d2385ee2268e25ac4ecb903a337a6e512910a99cd4349e54eb5eaa72,60.17002,24.94407,000000006b087f40,31.5
333,2019-08-04T02:00:03Z,d6ad6fb5be8355cc1f877358ec4f09a2ba3df7c177e331113ef376a1,60.16829,24.94214,00000000afef4555,17.4
334,2019-08-04T02:00:03Z,e1bc48d02d172fa89085656433b35028a10ff453a3261a2634984559,60.149,24.9843,00000000fffb8cf0,16.1
335,2019-08-04T02:00:03Z,e8e8a9de5f61b99c3112c21d7e04620774bb5b9c615ec741aa5e8f66,60.1538,24.95595,0000000038bf9618,17.4
336,2019-08-04T02:00:03Z,ecd3f6878f10e201456713c185926a3d85ae8b5eb2484b73f155ec5a,60.16531,24.9442,00000000fdda10fe,9.92
337,2019-08-04T02:00:03Z,ed3b2eaece7e8846b296ad5c3f195aafb7410c95a88887d845982981,60.16762,24.95415,000000006b44cce7,14.89
338,2019-08-04T02:00:03Z,f2f62de93f5e3596a61d41a7fe5f0a10b2a73b89597cc33137ff5d2f,60.16829,24.94214,00000000afef4555,29.32
339,2019-08-04T02:00:03Z,f5aacd9295422139e8a9e2b97cbd8572523063a0af31f9c921ba9e16,60.16531,24.9442,00000000fdda10fe,11.7
340,2019-08-04T02:00:03Z,f8273595f5e5729d41d9da6b8dd60a5b3bd34f343f1ffe267c18d619,60.16762,24.95415,000000006b44cce7,9.92
341,2019-08-04T02:00:03Z,f9e28a5bfffbfa5e1f903d0e09d25b9b1f72e0e7217cb6c8ffef7d50,60.16829,24.94214,00000000afef4555,25.36
342,2019-08-04T02:00:03Z,fa52a42bfc016af263aa6de3e51a3c8e965865253feb53003081635e,60.16829,24.94214,00000000afef4555,36.27
343,2019-08-04T02:00:04Z,14c7e1511b70f4dd3359cbece1377aebb4d70531f5489eefe53d7c3c,60.16544,24.95398,0000000038d83d41,27.28
344,2019-08-04T02:00:04Z,165ebbb4090d47319ae370f0d0854fdc1f6b79499f8b2e4d3c3533c0,60.16544,24.95398,0000000038d83d41,27.28
345,2019-08-04T02:00:04Z,297c725b456ef12d2712634b21546721cbe93224d3a5762d897404f2,60.16762,24.95415,000000006b44cce7,11.7
346,2019-08-04T02:00:04Z,3944bc7a301be7241d1f7bc4a97f221000d535ce3d8a9af9af9b23b5,60.16531,24.9442,00000000fdda10fe,21.87
347,2019-08-04T02:00:04Z,43b676ed3aef4c2d8846694817e76117873be52e7f788e0cb366c1c4,60.16629,24.95957,00000000fb7600be,25.36
348,2019-08-04T02:00:04Z,43ea43e1aaac8d6d523965f79fd32aa5e5942a98e66e9b6dbaf67f8d,60.16897,24.95222,00000000aa852af1,18.79
349,2019-08-04T02:00:04Z,5c833bdbbf1fd3a307bb37daa4021d8b3d3342b1552dcc0989fe9b16,60.16762,24.95415,000000006b44cce7,13.75
350,2019-08-04T02:00:04Z,5d65719c4cbf045f068d084b72302f447d5fd034413d97d13be00d0e,60.18203,24.91341,00000000342570c2,18.79
351,2019-08-04T02:00:04Z,66dabd3229229330d23c70e9e1737429ddfe69db01f4a6a00f70fa20,60.16762,24.95415,000000006b44cce7,20.28
352,2019-08-04T02:00:04Z,6a70e2fbced719333e21eff04fcb9cb36bae9a04d1a3d6ddd96f2c58,60.15432,24.9211,0000000019fb59c4,18.79
353,2019-08-04T02:00:04Z,6f06341f358e61699fe1e55e986dd0554bc8da28b91daf0c5ad99db6,60.16629,24.95957,00000000fb7600be,27.28
354,2019-08-04T02:00:04Z,6ff437688c444238352c28f64f9d2a7d0f14d19c9ea42c225380501e,60.16762,24.95415,000000006b44cce7,21.87
355,2019-08-04T02:00:04Z,747f2d1ebff218c0ebbdc0fdaef4cbe56633dfb46ae1b1f8c8142201,60.16762,24.95415,000000006b44cce7,12.69
356,2019-08-04T02:00:04Z,79f136afa0dd8717337c01c70b457c464aaf0fa25b440f51a394ec23,60.16762,24.95415,000000006b44cce7,14.89
357,2019-08-04T02:00:04Z,7de75f59d3110cdf6e742fba9785ed0399f83ea50e4c5d255adb21ff,60.16897,24.95222,00000000aa852af1,18.79
358,2019-08-04T02:00:04Z,87dfaad29a9276ddddb1fa021d3bc23ad14824c1af16f7d87e713689,60.14951,24.92138,0000000006dd41f6,8.38
359,2019-08-04T02:00:04Z,883ebb40a6014a1ae0b9cf0a8ae29a2b4d5c3a1bf438947a81d890cc,60.16544,24.95398,0000000038d83d41,31.5
360,2019-08-04T02:00:04Z,89982a6acf91b79a282a6b63978e946ee205f303fcd20e944e06baf0,60.16544,24.95398,0000000038d83d41,36.27
361,2019-08-04T02:00:04Z,8c75c3289c84fe4493e1e272a77b615fe1985880c5dc68a7c1a17b53,60.16762,24.95415,000000006b44cce7,18.79
362,2019-08-04T02:00:04Z,96c0705b3062754c4e9afc471e280530de69c8820bac642f30d4022b,60.16762,24.95415,000000006b44cce7,25.36
363,2019-08-04T02:00:04Z,a3b4b2c08d30b2cbabe32fd49bcbb4f45f50a3f0b0e74f856bedb831,60.16762,24.95415,000000006b44cce7,9.92
364,2019-08-04T02:00:04Z,a91d379a4b57c5df22db0d7a041ff69f657b4b31f28554b1011fc03c,60.16544,24.95398,0000000038d83d41,27.28
365,2019-08-04T02:00:04Z,b5fd6b317890e5ab2d79e2cd1abe61626d45a753c7337d0d40728898,60.16762,24.95415,000000006b44cce7,6.46
366,2019-08-04T02:00:04Z,c40c37def6bf11a63a2556519a7c6233fd417cdeea2cf14f28e7c42c,60.16531,24.9442,00000000fdda10fe,27.28
367,2019-08-04T02:00:04Z,c578a1f266f1ac8f40756ab095d6d81719f90b3a1d4c4808f72ce963,60.14951,24.92138,0000000006dd41f6,27.28
368,2019-08-04T02:00:04Z,c9cb2b9de2b21abecad29584393bea94a97f282f234f310e2468d7a7,60.16075,24.95883,00000000f1124bca,25.36
369,2019-08-04T02:00:04Z,cf05623e4d87ce0906c0b0b7dbf53aacc1228016cd27c341228b6e76,60.18203,24.91341,00000000342570c2,17.4
370,2019-08-04T02:00:04Z,f088630d7476dae7d4b7e2bb1f10575f2c89acb4b6e061f3d57c2b40,60.16531,24.9442,00000000fdda10fe,29.32
371,2019-08-04T02:00:04Z,f6609ab1076b1105bb845595a03b41b8fbb282f79c337df5bbc9f841,60.14699,24.922,00000000a53ed894,12.69
372,2019-08-04T02:00:04Z,fc4f3a44235f1cfc7b53f14ba2da599976a5a0a220d23b852688e485,60.17918,24.95141,00000000675d5200,29.32
373,2019-08-04T02:00:04Z,ff27e3a9af8f0e98635eb22fa40f53c8ba8452eb24bf16bc715508ea,60.16762,24.95415,000000006b44cce7,25.36
374,2019-08-04T02:00:04Z,032a59647297ad5458cd75a64c6405172cebb8eb2f33b7ab5ce92c4b,60.17918,24.95141,00000000675d5200,13.75
375,2019-08-04T02:00:04Z,046d88221ec15b64bcac02c9056c3cdd39e2ce29bc8cde90aa2d7ed9,60.16897,24.95222,00000000aa852af1,9.92
376,2019-08-04T02:00:04Z,11acd771bb0e2f3b2f3e08a7f5e80f0f44e73a715bff0585bc669672,60.17002,24.94407,000000006b087f40,36.27
377,2019-08-04T02:00:04Z,124a6ddd121114d11fcde48234ff0b8931d0f3fba2b00efd0948255c,60.16897,24.95222,00000000aa852af1,23.56
378,2019-08-04T02:00:04Z,137a95acb1432cb5b163aa6e55df6f8d03cfd04b24a6938e6e4d659d,60.16762,24.95415,000000006b44cce7,4.94
379,2019-08-04T02:00:04Z,1614a6fbca53a19defe8682aeee48010deb932f0f7cb48b7f3a374da,60.1538,24.95595,0000000038bf9618,36.27
380,2019-08-04T02:00:04Z,1780f64a77699d00e2128b929079dfa4cbc3724f901639c7ca5049f1,60.16629,24.95957,00000000fb7600be,13.75
381,2019-08-04T02:00:04Z,339f6a365c38070f7de8fbf2f831e126f72a0f5d109d5be30735cb7e,60.16897,24.95222,00000000aa852af1,23.56
382,2019-08-04T02:00:04Z,41563291ad4864bc7bc48c55bb60b489655036f1b6bc2a8e39c6bd6c,60.17918,24.95141,00000000675d5200,7.05
383,2019-08-04T02:00:04Z,44191012ca0a0cedd409ed55303e99c00a837d6a5e72cfe691cd3c52,60.16762,24.95415,000000006b44cce7,10.78
384,2019-08-04T02:00:04Z,45f3f37f5104c27fc21a7db518e7a7f57b68709f23f02b5efa540f7a,60.14947,24.91438,000000004ef3150d,13.75
385,2019-08-04T02:00:04Z,480fb4d21f468835d0f2dcb08f1de1762a769273f6735a320b3821d7,60.14699,24.922,00000000a53ed894,38.87
386,2019-08-04T02:00:04Z,525fcaa2bcfbade9ef76800daa052aeb740a91f97ca5d6e1275cb745,60.16762,24.95415,000000006b44cce7,17.4
387,2019-08-04T02:00:04Z,584cb0b0cdd14e608c8b57c8aecc9826f9b40027e365e2438a444ea2,60.16762,24.95415,000000006b44cce7,12.69
388,2019-08-04T02:00:04Z,5a089a2b4bb3f5a34f57f2dcafd1462570fa59744c22e9b00735e8c6,60.1538,24.95595,0000000038bf9618,20.28
389,2019-08-04T02:00:04Z,6ff48066dbbd91fad556cf8d4584f5f79f7961521855734e82e4c187,60.16762,24.95415,000000006b44cce7,17.4
390,2019-08-04T02:00:04Z,70cc7b0a8e166380ca0fbc55a58d9a59c9de9f05a9f95ebb82482d5a,60.16762,24.95415,000000006b44cce7,10.78
391,2019-08-04T02:00:04Z,7a0f425ccdf5813a089dd619056db4cf41173803f079c37bab520825,60.18203,24.91341,00000000342570c2,29.32
392,2019-08-04T02:00:04Z,7b91d732042030189a304f65807ba95cf9e2445e16fd7666747e7e56,60.1538,24.95595,0000000038bf9618,21.87
393,2019-08-04T02:00:04Z,7bafc9b6f74b521018b3c6eb85088f47050dae502879caa96dcb94a6,60.1538,24.95595,0000000038bf9618,18.79
394,2019-08-04T02:00:04Z,8839be224a62c0ebfd04c2a31407afbbf531a4f27231aeda6f3222b4,60.17002,24.94407,000000006b087f40,21.87
395,2019-08-04T02:00:04Z,8b49994992a96e97c5f92629f1aca931941db8b36050ac6b25c3c67f,60.16897,24.95222,00000000aa852af1,13.75
396,2019-08-04T02:00:04Z,908f6e55722b62d1a119a53c057da05ffa37d70f23fd89ffff5bc996,60.16531,24.9442,00000000fdda10fe,11.7
397,2019-08-04T02:00:04Z,9173442e2f747f902896659a35f9782497dbe91c8c5c8e5b2c712fba,60.16897,24.95222,00000000aa852af1,21.87
398,2019-08-04T02:00:04Z,94fb0519469907d303095ced8eea82b15282bbaf6df970a9d4025cb2,60.17002,24.94407,000000006b087f40,18.79
399,2019-08-04T02:00:04Z,9885232e95a8b6b4437174be089c6af71b1fe0bddfea879d306b3041,60.17002,24.94407,000000006b087f40,27.28
400,2019-08-04T02:00:04Z,aa1d7752e4be44a55f5bfc8df2f6c278afe69b5b19b79702a22908f8,60.1538,24.95595,0000000038bf9618,20.28
401,2019-08-04T02:00:04Z,b38900c896751899e1c20c791610870bbbde7839746846d07481e0c7,60.16829,24.94214,00000000afef4555,23.56
402,2019-08-04T02:00:04Z,b6b900b0eb62ba369c75a8851299367b1ebd94fbf19ccfa3d5466248,60.1538,24.95595,0000000038bf9618,27.28
403,2019-08-04T02:00:04Z,bc07df8cc395f6f4f5d483b2233caca5f93a6918f346e4cc3702f8cc,60.16531,24.9442,00000000fdda10fe,7.05
404,2019-08-04T02:00:04Z,c0a9e5ef98b6392d3c421416384db1cddc693b95d0f9ec50cb0bbb92,60.1538,24.95595,0000000038bf9618,23.56
405,2019-08-04T02:00:04Z,d00f32677e342c7dcb88c9fa30272e08ec9a4f49d8006dffbf598a03,60.16762,24.95415,000000006b44cce7,20.28
406,2019-08-04T02:00:04Z,d216c5aae815b17688c826ff70440e8ff2c5b869fb63b024792f0e53,60.16829,24.94214,00000000afef4555,18.79
407,2019-08-04T02:00:04Z,d6ad6fb5be8355cc1f877358ec4f09a2ba3df7c177e331113ef376a1,60.16829,24.94214,00000000afef4555,21.87
408,2019-08-04T02:00:04Z,e1bc48d02d172fa89085656433b35028a10ff453a3261a2634984559,60.149,24.9843,00000000fffb8cf0,14.89
409,2019-08-04T02:00:04Z,e66dee158121004b2a8098c673bc0d10944147d07f5f738cb9dd32be,60.16829,24.94214,00000000afef4555,18.79
410,2019-08-04T02:00:04Z,e8e8a9de5f61b99c3112c21d7e04620774bb5b9c615ec741aa5e8f66,60.1538,24.95595,0000000038bf9618,18.79
411,2019-08-04T02:00:04Z,ecd3f6878f10e201456713c185926a3d85ae8b5eb2484b73f155ec5a,60.16531,24.9442,00000000fdda10fe,9.92
412,2019-08-04T02:00:04Z,ed3b2eaece7e8846b296ad5c3f195aafb7410c95a88887d845982981,60.16762,24.95415,000000006b44cce7,16.1
413,2019-08-04T02:00:04Z,f2f62de93f5e3596a61d41a7fe5f0a10b2a73b89597cc33137ff5d2f,60.16829,24.94214,00000000afef4555,23.56
414,2019-08-04T02:00:04Z,f39586246b349fd26e26b06bfdbf9149d03895270dfe4268dd7a6848,60.1538,24.95595,0000000038bf9618,20.28
415,2019-08-04T02:00:04Z,f5aacd9295422139e8a9e2b97cbd8572523063a0af31f9c921ba9e16,60.16531,24.9442,00000000fdda10fe,4.94
416,2019-08-04T02:00:04Z,f8273595f5e5729d41d9da6b8dd60a5b3bd34f343f1ffe267c18d619,60.16762,24.95415,000000006b44cce7,8.38
417,2019-08-04T02:00:04Z,f9399339c3de44774896319d3f291771cebcaf2666df1d6062469882,60.16531,24.9442,00000000fdda10fe,31.5
418,2019-08-04T02:00:04Z,f9e28a5bfffbfa5e1f903d0e09d25b9b1f72e0e7217cb6c8ffef7d50,60.16829,24.94214,00000000afef4555,31.5
419,2019-08-04T02:00:04Z,fa52a42bfc016af263aa6de3e51a3c8e965865253feb53003081635e,60.16829,24.94214,00000000afef4555,25.36
420,2019-08-04T02:00:05Z,14c7e1511b70f4dd3359cbece1377aebb4d70531f5489eefe53d7c3c,60.16544,24.95398,0000000038d83d41,23.56
421,2019-08-04T02:00:05Z,165ebbb4090d47319ae370f0d0854fdc1f6b79499f8b2e4d3c3533c0,60.16544,24.95398,0000000038d83d41,25.36
422,2019-08-04T02:00:05Z,297c725b456ef12d2712634b21546721cbe93224d3a5762d897404f2,60.16762,24.95415,000000006b44cce7,13.75
423,2019-08-04T02:00:05Z,3944bc7a301be7241d1f7bc4a97f221000d535ce3d8a9af9af9b23b5,60.16531,24.9442,00000000fdda10fe,29.32
424,2019-08-04T02:00:05Z,43b676ed3aef4c2d8846694817e76117873be52e7f788e0cb366c1c4,60.16629,24.95957,00000000fb7600be,25.36
425,2019-08-04T02:00:05Z,43ea43e1aaac8d6d523965f79fd32aa5e5942a98e66e9b6dbaf67f8d,60.16897,24.95222,00000000aa852af1,13.75
426,2019-08-04T02:00:05Z,5c833bdbbf1fd3a307bb37daa4021d8b3d3342b1552dcc0989fe9b16,60.16762,24.95415,000000006b44cce7,9.92
427,2019-08-04T02:00:05Z,5d65719c4cbf045f068d084b72302f447d5fd034413d97d13be00d0e,60.18203,24.91341,00000000342570c2,18.79
428,2019-08-04T02:00:05Z,6066632ddc94b5c482a2d4f45ed2532e55e3fd63e414a084a596a737,60.16762,24.95415,000000006b44cce7,16.1
429,2019-08-04T02:00:05Z,66dabd3229229330d23c70e9e1737429ddfe69db01f4a6a00f70fa20,60.16762,24.95415,000000006b44cce7,18.79
430,2019-08-04T02:00:05Z,6a70e2fbced719333e21eff04fcb9cb36bae9a04d1a3d6ddd96f2c58,60.15432,24.9211,0000000019fb59c4,20.28
431,2019-08-04T02:00:05Z,6ff437688c444238352c28f64f9d2a7d0f14d19c9ea42c225380501e,60.16762,24.95415,000000006b44cce7,20.28
432,2019-08-04T02:00:05Z,79f136afa0dd8717337c01c70b457c464aaf0fa25b440f51a394ec23,60.16762,24.95415,000000006b44cce7,16.1
433,2019-08-04T02:00:05Z,7de75f59d3110cdf6e742fba9785ed0399f83ea50e4c5d255adb21ff,60.16897,24.95222,00000000aa852af1,33.81
434,2019-08-04T02:00:05Z,87dfaad29a9276ddddb1fa021d3bc23ad14824c1af16f7d87e713689,60.14951,24.92138,0000000006dd41f6,11.7
435,2019-08-04T02:00:05Z,89982a6acf91b79a282a6b63978e946ee205f303fcd20e944e06baf0,60.16544,24.95398,0000000038d83d41,21.87
436,2019-08-04T02:00:05Z,8c75c3289c84fe4493e1e272a77b615fe1985880c5dc68a7c1a17b53,60.16762,24.95415,000000006b44cce7,11.7
437,2019-08-04T02:00:05Z,96c0705b3062754c4e9afc471e280530de69c8820bac642f30d4022b,60.16762,24.95415,000000006b44cce7,21.87
438,2019-08-04T02:00:05Z,a28ab699dc505d3a0c490fae63a8ebb958574e13f1f64250d91db769,60.16762,24.95415,000000006b44cce7,31.5
439,2019-08-04T02:00:05Z,a3b4b2c08d30b2cbabe32fd49bcbb4f45f50a3f0b0e74f856bedb831,60.16762,24.95415,000000006b44cce7,11.7
440,2019-08-04T02:00:05Z,a91d379a4b57c5df22db0d7a041ff69f657b4b31f28554b1011fc03c,60.16544,24.95398,0000000038d83d41,33.81
441,2019-08-04T02:00:05Z,b33ae7715d6d2571066655c2c8954a5a364b5601869047de83410d9f,60.16629,24.95957,00000000fb7600be,21.87
442,2019-08-04T02:00:05Z,b5fd6b317890e5ab2d79e2cd1abe61626d45a753c7337d0d40728898,60.16762,24.95415,000000006b44cce7,9.12
443,2019-08-04T02:00:05Z,c9cb2b9de2b21abecad29584393bea94a97f282f234f310e2468d7a7,60.16075,24.95883,00000000f1124bca,29.32
444,2019-08-04T02:00:05Z,cf05623e4d87ce0906c0b0b7dbf53aacc1228016cd27c341228b6e76,60.18203,24.91341,00000000342570c2,18.79
445,2019-08-04T02:00:05Z,f088630d7476dae7d4b7e2bb1f10575f2c89acb4b6e061f3d57c2b40,60.16531,24.9442,00000000fdda10fe,25.36
446,2019-08-04T02:00:05Z,f6609ab1076b1105bb845595a03b41b8fbb282f79c337df5bbc9f841,60.14699,24.922,00000000a53ed894,11.7
447,2019-08-04T02:00:05Z,fc4f3a44235f1cfc7b53f14ba2da599976a5a0a220d23b852688e485,60.17919,24.95181,000000007b5207b6,21.87
448,2019-08-04T02:00:05Z,032a59647297ad5458cd75a64c6405172cebb8eb2f33b7ab5ce92c4b,60.17918,24.95141,00000000675d5200,17.4
449,2019-08-04T02:00:05Z,046d88221ec15b64bcac02c9056c3cdd39e2ce29bc8cde90aa2d7ed9,60.16897,24.95222,00000000aa852af1,20.28
450,2019-08-04T02:00:05Z,0486b4520285f3ca2132b986edabb7c19dfc5708a6c163ff40ed37b9,60.16448,24.97323,0000000053c6c2be,16.1
451,2019-08-04T02:00:05Z,11acd771bb0e2f3b2f3e08a7f5e80f0f44e73a715bff0585bc669672,60.17002,24.94407,000000006b087f40,20.28
452,2019-08-04T02:00:05Z,137a95acb1432cb5b163aa6e55df6f8d03cfd04b24a6938e6e4d659d,60.16762,24.95415,000000006b44cce7,5.91
453,2019-08-04T02:00:05Z,1780f64a77699d00e2128b929079dfa4cbc3724f901639c7ca5049f1,60.16629,24.95957,00000000fb7600be,16.1
454,2019-08-04T02:00:05Z,1dacfb371d75dd4f90f447aac2a00faad98beb4188a6971c19eb2375,60.16629,24.95957,00000000fb7600be,25.36
455,2019-08-04T02:00:05Z,26166cf5b9b16d54fc1561e096e46512a7b60243de6b9acdf28d33b1,60.16829,24.94214,00000000afef4555,20.28
456,2019-08-04T02:00:05Z,2696f6a462520c8284659d993a9bf0545c2b2f278e1538f7f60dd1d3,60.17002,24.94407,000000006b087f40,7.05
457,2019-08-04T02:00:05Z,339f6a365c38070f7de8fbf2f831e126f72a0f5d109d5be30735cb7e,60.16897,24.95222,00000000aa852af1,21.87
458,2019-08-04T02:00:05Z,3887fec87dd40ed28900ea630ba55753da933476c2f9d019a0ad8d90,60.16829,24.94214,00000000afef4555,23.56
459,2019-08-04T02:00:05Z,406c8df3855d308047a12843434f2fac7dc6a2dba12c20edbdf06606,60.1538,24.95595,0000000038bf9618,4.11
460,2019-08-04T02:00:05Z,41563291ad4864bc7bc48c55bb60b489655036f1b6bc2a8e39c6bd6c,60.17918,24.95141,00000000675d5200,25.36
461,2019-08-04T02:00:05Z,44191012ca0a0cedd409ed55303e99c00a837d6a5e72cfe691cd3c52,60.16762,24.95415,000000006b44cce7,17.4
462,2019-08-04T02:00:05Z,45f3f37f5104c27fc21a7db518e7a7f57b68709f23f02b5efa540f7a,60.14947,24.91438,000000004ef3150d,9.12
463,2019-08-04T02:00:05Z,47de555c057bf55633de335cbcd553c3ed54cb6937bf717f3e9c2098,60.1538,24.95595,0000000038bf9618,25.36
464,2019-08-04T02:00:05Z,4c3b8a7c738751ab5f9248766749e3c897b23514b294f34880eff55a,60.16897,24.95222,00000000aa852af1,25.36
465,2019-08-04T02:00:05Z,525fcaa2bcfbade9ef76800daa052aeb740a91f97ca5d6e1275cb745,60.16762,24.95415,000000006b44cce7,23.56
466,2019-08-04T02:00:05Z,584cb0b0cdd14e608c8b57c8aecc9826f9b40027e365e2438a444ea2,60.16762,24.95415,000000006b44cce7,10.78
467,2019-08-04T02:00:05Z,58b7c53decdf23347782d6442cb4349ee5312db1d5ba8da9e4c2af25,60.16762,24.95415,000000006b44cce7,18.79
468,2019-08-04T02:00:05Z,699b48bb93c5befb62ff0686e75f158406b659f14daec16ab66d4499,60.15432,24.9211,0000000019fb59c4,20.28
469,2019-08-04T02:00:05Z,6ff48066dbbd91fad556cf8d4584f5f79f7961521855734e82e4c187,60.16762,24.95415,000000006b44cce7,10.78
470,2019-08-04T02:00:05Z,70cc7b0a8e166380ca0fbc55a58d9a59c9de9f05a9f95ebb82482d5a,60.16762,24.95415,000000006b44cce7,11.7
471,2019-08-04T02:00:05Z,72e41e18be36571bb9da70ab3087ef307dd5f0366829c8d0457c9685,60.16829,24.94214,00000000afef4555,23.56
472,2019-08-04T02:00:05Z,7af0c77f50a36fde55c6116ce6fc95063a67a5db61e827b85739d62d,60.16762,24.95415,000000006b44cce7,14.89
473,2019-08-04T02:00:05Z,7b91d732042030189a304f65807ba95cf9e2445e16fd7666747e7e56,60.1538,24.95595,0000000038bf9618,21.87
474,2019-08-04T02:00:05Z,7bafc9b6f74b521018b3c6eb85088f47050dae502879caa96dcb94a6,60.1538,24.95595,0000000038bf9618,36.27
475,2019-08-04T02:00:05Z,8b49994992a96e97c5f92629f1aca931941db8b36050ac6b25c3c67f,60.16897,24.95222,00000000aa852af1,18.79
476,2019-08-04T02:00:05Z,908f6e55722b62d1a119a53c057da05ffa37d70f23fd89ffff5bc996,60.16531,24.9442,00000000fdda10fe,11.7
477,2019-08-04T02:00:05Z,9173442e2f747f902896659a35f9782497dbe91c8c5c8e5b2c712fba,60.16897,24.95222,00000000aa852af1,25.36
478,2019-08-04T02:00:05Z,94fb0519469907d303095ced8eea82b15282bbaf6df970a9d4025cb2,60.17002,24.94407,000000006b087f40,17.4
479,2019-08-04T02:00:05Z,9885232e95a8b6b4437174be089c6af71b1fe0bddfea879d306b3041,60.17002,24.94407,000000006b087f40,17.4
480,2019-08-04T02:00:05Z,a12dfe20bcda9301943010682dd87a01ab2662611ca795c4ff1fe6c6,60.16531,24.9442,00000000fdda10fe,23.56
481,2019-08-04T02:00:05Z,abde1ce60ef19a41508ac1f9661c3dec611550421c09cc568ced193f,60.17002,24.94407,000000006b087f40,20.28
482,2019-08-04T02:00:05Z,b506a9cd3cec63a7d46738cf85aca5e1af318642251763063cd376d8,60.16762,24.95415,000000006b44cce7,23.56
483,2019-08-04T02:00:05Z,b6b900b0eb62ba369c75a8851299367b1ebd94fbf19ccfa3d5466248,60.1538,24.95595,0000000038bf9618,25.36
484,2019-08-04T02:00:05Z,bc07df8cc395f6f4f5d483b2233caca5f93a6918f346e4cc3702f8cc,60.16531,24.9442,00000000fdda10fe,9.12
485,2019-08-04T02:00:05Z,c0a0ca3433586ed2ae0e448f2406fabac7292ac79d49562e0bd5cef8,60.16762,24.95415,000000006b44cce7,10.78
486,2019-08-04T02:00:05Z,c9ce14e0dbf0cf3c24f6a92a1930fa32de9a1de0ffe63082ccddb0d6,60.16448,24.97323,0000000053c6c2be,29.32
487,2019-08-04T02:00:05Z,d00f32677e342c7dcb88c9fa30272e08ec9a4f49d8006dffbf598a03,60.16762,24.95415,000000006b44cce7,17.4
488,2019-08-04T02:00:05Z,d6ad6fb5be8355cc1f877358ec4f09a2ba3df7c177e331113ef376a1,60.16829,24.94214,00000000afef4555,25.36
489,2019-08-04T02:00:05Z,d88285b59908ce8129590372f3e72c4ecf84d875c562b226ce717b2c,60.17002,24.94407,000000006b087f40,31.5
490,2019-08-04T02:00:05Z,e1bc48d02d172fa89085656433b35028a10ff453a3261a2634984559,60.149,24.9843,00000000fffb8cf0,14.89
491,2019-08-04T02:00:05Z,e30c8d515f787275f7e911287d598f569fcfc5092a203f4c001d0dc6,60.16762,24.95415,000000006b44cce7,25.36
492,2019-08-04T02:00:05Z,e66dee158121004b2a8098c673bc0d10944147d07f5f738cb9dd32be,60.16829,24.94214,00000000afef4555,27.28
493,2019-08-04T02:00:05Z,e7baeb3fa75db84982c28c08efcf29a123618b687c634aae2f7a2b1a,60.16531,24.9442,00000000fdda10fe,27.28
494,2019-08-04T02:00:05Z,ecd3f6878f10e201456713c185926a3d85ae8b5eb2484b73f155ec5a,60.16531,24.9442,00000000fdda10fe,7.69
495,2019-08-04T02:00:05Z,ed3b2eaece7e8846b296ad5c3f195aafb7410c95a88887d845982981,60.16762,24.95415,000000006b44cce7,14.89
496,2019-08-04T02:00:05Z,f2f62de93f5e3596a61d41a7fe5f0a10b2a73b89597cc33137ff5d2f,60.16829,24.94214,00000000afef4555,27.28
497,2019-08-04T02:00:05Z,f39586246b349fd26e26b06bfdbf9149d03895270dfe4268dd7a6848,60.1538,24.95595,0000000038bf9618,29.32
498,2019-08-04T02:00:05Z,f5aacd9295422139e8a9e2b97cbd8572523063a0af31f9c921ba9e16,60.16531,24.9442,00000000fdda10fe,13.75
499,2019-08-04T02:00:06Z,14c7e1511b70f4dd3359cbece1377aebb4d70531f5489eefe53d7c3c,60.16544,24.95398,0000000038d83d41,23.56
500,2019-08-04T02:00:06Z,165ebbb4090d47319ae370f0d0854fdc1f6b79499f8b2e4d3c3533c0,60.16544,24.95398,0000000038d83d41,25.36
501,2019-08-04T02:00:06Z,297c725b456ef12d2712634b21546721cbe93224d3a5762d897404f2,60.16762,24.95415,000000006b44cce7,10.78
502,2019-08-04T02:00:06Z,3944bc7a301be7241d1f7bc4a97f221000d535ce3d8a9af9af9b23b5,60.16531,24.9442,00000000fdda10fe,29.32
503,2019-08-04T02:00:06Z,43b676ed3aef4c2d8846694817e76117873be52e7f788e0cb366c1c4,60.16629,24.95957,00000000fb7600be,21.87
504,2019-08-04T02:00:06Z,43ea43e1aaac8d6d523965f79fd32aa5e5942a98e66e9b6dbaf67f8d,60.16897,24.95222,00000000aa852af1,20.28
505,2019-08-04T02:00:06Z,43f0659ef87792b2d876153eb4b35ac5ac2db3bd5de1eb30f3303e5c,60.17002,24.94407,000000006b087f40,29.32
506,2019-08-04T02:00:06Z,5bbb5184fded3e51bc78e45e39917794285e6bbc72da404802a9599a,60.16531,24.9442,00000000fdda10fe,21.87
507,2019-08-04T02:00:06Z,5c833bdbbf1fd3a307bb37daa4021d8b3d3342b1552dcc0989fe9b16,60.16762,24.95415,000000006b44cce7,10.78
508,2019-08-04T02:00:06Z,5d65719c4cbf045f068d084b72302f447d5fd034413d97d13be00d0e,60.18203,24.91341,00000000342570c2,20.28
509,2019-08-04T02:00:06Z,6066632ddc94b5c482a2d4f45ed2532e55e3fd63e414a084a596a737,60.16762,24.95415,000000006b44cce7,16.1
510,2019-08-04T02:00:06Z,6a70e2fbced719333e21eff04fcb9cb36bae9a04d1a3d6ddd96f2c58,60.15432,24.9211,0000000019fb59c4,20.28
511,2019-08-04T02:00:06Z,6f06341f358e61699fe1e55e986dd0554bc8da28b91daf0c5ad99db6,60.16629,24.95957,00000000fb7600be,21.87
512,2019-08-04T02:00:06Z,6ff437688c444238352c28f64f9d2a7d0f14d19c9ea42c225380501e,60.16762,24.95415,000000006b44cce7,21.87
513,2019-08-04T02:00:06Z,747f2d1ebff218c0ebbdc0fdaef4cbe56633dfb46ae1b1f8c8142201,60.16762,24.95415,000000006b44cce7,13.75
514,2019-08-04T02:00:06Z,79f136afa0dd8717337c01c70b457c464aaf0fa25b440f51a394ec23,60.16762,24.95415,000000006b44cce7,25.36
515,2019-08-04T02:00:06Z,7de75f59d3110cdf6e742fba9785ed0399f83ea50e4c5d255adb21ff,60.16897,24.95222,00000000aa852af1,18.79
516,2019-08-04T02:00:06Z,87dfaad29a9276ddddb1fa021d3bc23ad14824c1af16f7d87e713689,60.14951,24.92138,0000000006dd41f6,12.69
517,2019-08-04T02:00:06Z,883ebb40a6014a1ae0b9cf0a8ae29a2b4d5c3a1bf438947a81d890cc,60.16544,24.95398,0000000038d83d41,21.87
518,2019-08-04T02:00:06Z,8b0535dd90c15c8fd1b256e7a48369741b0fe9d58f8f05f6e46134b7,60.16544,24.95398,0000000038d83d41,27.28
519,2019-08-04T02:00:06Z,8c75c3289c84fe4493e1e272a77b615fe1985880c5dc68a7c1a17b53,60.16762,24.95415,000000006b44cce7,9.92
520,2019-08-04T02:00:06Z,91d3b80de4439a4a49ddb8a04d72a0a2ec6c08f351d70232842af567,60.16762,24.95415,000000006b44cce7,21.87
521,2019-08-04T02:00:06Z,a3b4b2c08d30b2cbabe32fd49bcbb4f45f50a3f0b0e74f856bedb831,60.16762,24.95415,000000006b44cce7,12.69
522,2019-08-04T02:00:06Z,a91d379a4b57c5df22db0d7a041ff69f657b4b31f28554b1011fc03c,60.16544,24.95398,0000000038d83d41,31.5
523,2019-08-04T02:00:06Z,b5fd6b317890e5ab2d79e2cd1abe61626d45a753c7337d0d40728898,60.16762,24.95415,000000006b44cce7,8.38
524,2019-08-04T02:00:06Z,c40c37def6bf11a63a2556519a7c6233fd417cdeea2cf14f28e7c42c,60.16531,24.9442,00000000fdda10fe,18.79
525,2019-08-04T02:00:06Z,c578a1f266f1ac8f40756ab095d6d81719f90b3a1d4c4808f72ce963,60.14951,24.92138,0000000006dd41f6,31.5
526,2019-08-04T02:00:06Z,c9cb2b9de2b21abecad29584393bea94a97f282f234f310e2468d7a7,60.16075,24.95883,00000000f1124bca,33.81
527,2019-08-04T02:00:06Z,ce197d5eedb5498917afe7ca3f7275ffeb191f0c5d050bffa154c1d2,60.16531,24.9442,00000000fdda10fe,33.81
528,2019-08-04T02:00:06Z,cf05623e4d87ce0906c0b0b7dbf53aacc1228016cd27c341228b6e76,60.18203,24.91341,00000000342570c2,17.4
529,2019-08-04T02:00:06Z,f088630d7476dae7d4b7e2bb1f10575f2c89acb4b6e061f3d57c2b40,60.16531,24.9442,00000000fdda10fe,23.56
530,2019-08-04T02:00:06Z,f6609ab1076b1105bb845595a03b41b8fbb282f79c337df5bbc9f841,60.14699,24.922,00000000a53ed894,14.89
531,2019-08-04T02:00:06Z,fc4f3a44235f1cfc7b53f14ba2da599976a5a0a220d23b852688e485,60.17918,24.95141,00000000675d5200,29.32
532,2019-08-04T02:00:06Z,032a59647297ad5458cd75a64c6405172cebb8eb2f33b7ab5ce92c4b,60.17918,24.95141,00000000675d5200,29.32
533,2019-08-04T02:00:06Z,046d88221ec15b64bcac02c9056c3cdd39e2ce29bc8cde90aa2d7ed9,60.16897,24.95222,00000000aa852af1,20.28
534,2019-08-04T02:00:06Z,0486b4520285f3ca2132b986edabb7c19dfc5708a6c163ff40ed37b9,60.16448,24.97323,0000000053c6c2be,16.1
535,2019-08-04T02:00:06Z,11acd771bb0e2f3b2f3e08a7f5e80f0f44e73a715bff0585bc669672,60.17002,24.94407,000000006b087f40,29.32
536,2019-08-04T02:00:06Z,124a6ddd121114d11fcde48234ff0b8931d0f3fba2b00efd0948255c,60.16897,24.95222,00000000aa852af1,23.56
537,2019-08-04T02:00:06Z,137a95acb1432cb5b163aa6e55df6f8d03cfd04b24a6938e6e4d659d,60.16762,24.95415,000000006b44cce7,6.46
538,2019-08-04T02:00:06Z,1780f64a77699d00e2128b929079dfa4cbc3724f901639c7ca5049f1,60.16629,24.95957,00000000fb7600be,20.28
539,2019-08-04T02:00:06Z,1dacfb371d75dd4f90f447aac2a00faad98beb4188a6971c19eb2375,60.16629,24.95957,00000000fb7600be,27.28
540,2019-08-04T02:00:06Z,2696f6a462520c8284659d993a9bf0545c2b2f278e1538f7f60dd1d3,60.17002,24.94407,000000006b087f40,7.69
541,2019-08-04T02:00:06Z,339f6a365c38070f7de8fbf2f831e126f72a0f5d109d5be30735cb7e,60.16897,24.95222,00000000aa852af1,23.56
542,2019-08-04T02:00:06Z,3887fec87dd40ed28900ea630ba55753da933476c2f9d019a0ad8d90,60.16829,24.94214,00000000afef4555,20.28
543,2019-08-04T02:00:06Z,41563291ad4864bc7bc48c55bb60b489655036f1b6bc2a8e39c6bd6c,60.17918,24.95141,00000000675d5200,25.36
544,2019-08-04T02:00:06Z,45f3f37f5104c27fc21a7db518e7a7f57b68709f23f02b5efa540f7a,60.14947,24.91438,000000004ef3150d,10.78
545,2019-08-04T02:00:06Z,47de555c057bf55633de335cbcd553c3ed54cb6937bf717f3e9c2098,60.1538,24.95595,0000000038bf9618,25.36
546,2019-08-04T02:00:06Z,4c3b8a7c738751ab5f9248766749e3c897b23514b294f34880eff55a,60.16897,24.95222,00000000aa852af1,27.28
547,2019-08-04T02:00:06Z,584cb0b0cdd14e608c8b57c8aecc9826f9b40027e365e2438a444ea2,60.16762,24.95415,000000006b44cce7,16.1
548,2019-08-04T02:00:06Z,5a089a2b4bb3f5a34f57f2dcafd1462570fa59744c22e9b00735e8c6,60.1538,24.95595,0000000038bf9618,14.89
549,2019-08-04T02:00:06Z,5fe8361986b55846f6d1ec3097d8574942a395272565380955783578,60.16829,24.94214,00000000afef4555,29.32
550,2019-08-04T02:00:06Z,699b48bb93c5befb62ff0686e75f158406b659f14daec16ab66d4499,60.15432,24.9211,0000000019fb59c4,18.79
551,2019-08-04T02:00:06Z,6ff48066dbbd91fad556cf8d4584f5f79f7961521855734e82e4c187,60.16762,24.95415,000000006b44cce7,11.7
552,2019-08-04T02:00:06Z,70cc7b0a8e166380ca0fbc55a58d9a59c9de9f05a9f95ebb82482d5a,60.16762,24.95415,000000006b44cce7,10.78
553,2019-08-04T02:00:06Z,72e41e18be36571bb9da70ab3087ef307dd5f0366829c8d0457c9685,60.16829,24.94214,00000000afef4555,20.28
554,2019-08-04T02:00:06Z,74cb545f76f0bfc5498607247e26e814276a11ce91f77208054ecbc5,60.17002,24.94407,000000006b087f40,18.79
555,2019-08-04T02:00:06Z,7a0f425ccdf5813a089dd619056db4cf41173803f079c37bab520825,60.18203,24.91341,00000000342570c2,29.32
556,2019-08-04T02:00:06Z,7af0c77f50a36fde55c6116ce6fc95063a67a5db61e827b85739d62d,60.16762,24.95415,000000006b44cce7,18.79
557,2019-08-04T02:00:06Z,7b91d732042030189a304f65807ba95cf9e2445e16fd7666747e7e56,60.1538,24.95595,0000000038bf9618,13.75
558,2019-08-04T02:00:06Z,7bafc9b6f74b521018b3c6eb85088f47050dae502879caa96dcb94a6,60.1538,24.95595,0000000038bf9618,31.5
559,2019-08-04T02:00:06Z,8839be224a62c0ebfd04c2a31407afbbf531a4f27231aeda6f3222b4,60.17002,24.94407,000000006b087f40,21.87
560,2019-08-04T02:00:06Z,8b49994992a96e97c5f92629f1aca931941db8b36050ac6b25c3c67f,60.16897,24.95222,00000000aa852af1,25.36
561,2019-08-04T02:00:06Z,908f6e55722b62d1a119a53c057da05ffa37d70f23fd89ffff5bc996,60.16531,24.9442,00000000fdda10fe,9.12
562,2019-08-04T02:00:06Z,9313086be16704612615b82b0fb0a2bac8d249cbf373b54d85a5b3f1,60.1538,24.95595,0000000038bf9618,31.5
563,2019-08-04T02:00:06Z,9885232e95a8b6b4437174be089c6af71b1fe0bddfea879d306b3041,60.17002,24.94407,000000006b087f40,18.79
564,2019-08-04T02:00:06Z,a12dfe20bcda9301943010682dd87a01ab2662611ca795c4ff1fe6c6,60.16531,24.9442,00000000fdda10fe,33.81
565,2019-08-04T02:00:06Z,b506a9cd3cec63a7d46738cf85aca5e1af318642251763063cd376d8,60.16762,24.95415,000000006b44cce7,23.56
566,2019-08-04T02:00:06Z,b6b900b0eb62ba369c75a8851299367b1ebd94fbf19ccfa3d5466248,60.1538,24.95595,0000000038bf9618,17.4
567,2019-08-04T02:00:06Z,bc07df8cc395f6f4f5d483b2233caca5f93a6918f346e4cc3702f8cc,60.16531,24.9442,00000000fdda10fe,9.12
568,2019-08-04T02:00:06Z,d00f32677e342c7dcb88c9fa30272e08ec9a4f49d8006dffbf598a03,60.16762,24.95415,000000006b44cce7,17.4
569,2019-08-04T02:00:06Z,d216c5aae815b17688c826ff70440e8ff2c5b869fb63b024792f0e53,60.16829,24.94214,00000000afef4555,18.79
570,2019-08-04T02:00:06Z,d2385ee2268e25ac4ecb903a337a6e512910a99cd4349e54eb5eaa72,60.17002,24.94407,000000006b087f40,31.5
571,2019-08-04T02:00:06Z,d6ad6fb5be8355cc1f877358ec4f09a2ba3df7c177e331113ef376a1,60.16829,24.94214,00000000afef4555,16.1
572,2019-08-04T02:00:06Z,e1bc48d02d172fa89085656433b35028a10ff453a3261a2634984559,60.149,24.9843,00000000fffb8cf0,31.5
573,2019-08-04T02:00:06Z,e66dee158121004b2a8098c673bc0d10944147d07f5f738cb9dd32be,60.16829,24.94214,00000000afef4555,25.36
574,2019-08-04T02:00:06Z,e7baeb3fa75db84982c28c08efcf29a123618b687c634aae2f7a2b1a,60.16531,24.9442,00000000fdda10fe,20.28
575,2019-08-04T02:00:06Z,e8e8a9de5f61b99c3112c21d7e04620774bb5b9c615ec741aa5e8f66,60.1538,24.95595,0000000038bf9618,33.81
576,2019-08-04T02:00:06Z,ecd3f6878f10e201456713c185926a3d85ae8b5eb2484b73f155ec5a,60.16531,24.9442,00000000fdda10fe,7.69
577,2019-08-04T02:00:06Z,ed3b2eaece7e8846b296ad5c3f195aafb7410c95a88887d845982981,60.16762,24.95415,000000006b44cce7,21.87
578,2019-08-04T02:00:06Z,f2f62de93f5e3596a61d41a7fe5f0a10b2a73b89597cc33137ff5d2f,60.16829,24.94214,00000000afef4555,20.28
579,2019-08-04T02:00:06Z,f39586246b349fd26e26b06bfdbf9149d03895270dfe4268dd7a6848,60.1538,24.95595,0000000038bf9618,20.28
580,2019-08-04T02:00:06Z,f5aacd9295422139e8a9e2b97cbd8572523063a0af31f9c921ba9e16,60.16531,24.9442,00000000fdda10fe,21.87
581,2019-08-04T02:00:06Z,f8273595f5e5729d41d9da6b8dd60a5b3bd34f343f1ffe267c18d619,60.16762,24.95415,000000006b44cce7,7.69
582,2019-08-04T02:00:07Z,14c7e1511b70f4dd3359cbece1377aebb4d70531f5489eefe53d7c3c,60.16544,24.95398,0000000038d83d41,21.87
583,2019-08-04T02:00:07Z,165ebbb4090d47319ae370f0d0854fdc1f6b79499f8b2e4d3c3533c0,60.16544,24.95398,0000000038d83d41,27.28
584,2019-08-04T02:00:07Z,17b28910b6cbc057680693633275c4ca53938281bc38178f96c44947,60.17002,24.94407,000000006b087f40,44.58
585,2019-08-04T02:00:07Z,297c725b456ef12d2712634b21546721cbe93224d3a5762d897404f2,60.16762,24.95415,000000006b44cce7,11.7
586,2019-08-04T02:00:07Z,3944bc7a301be7241d1f7bc4a97f221000d535ce3d8a9af9af9b23b5,60.16531,24.9442,00000000fdda10fe,27.28
587,2019-08-04T02:00:07Z,43b676ed3aef4c2d8846694817e76117873be52e7f788e0cb366c1c4,60.16629,24.95957,00000000fb7600be,29.32
588,2019-08-04T02:00:07Z,43ea43e1aaac8d6d523965f79fd32aa5e5942a98e66e9b6dbaf67f8d,60.16897,24.95222,00000000aa852af1,21.87
589,2019-08-04T02:00:07Z,43f0659ef87792b2d876153eb4b35ac5ac2db3bd5de1eb30f3303e5c,60.17002,24.94407,000000006b087f40,31.5
590,2019-08-04T02:00:07Z,5c833bdbbf1fd3a307bb37daa4021d8b3d3342b1552dcc0989fe9b16,60.16762,24.95415,000000006b44cce7,9.92
591,2019-08-04T02:00:07Z,5d65719c4cbf045f068d084b72302f447d5fd034413d97d13be00d0e,60.18203,24.91341,00000000342570c2,17.4
592,2019-08-04T02:00:07Z,6066632ddc94b5c482a2d4f45ed2532e55e3fd63e414a084a596a737,60.16762,24.95415,000000006b44cce7,16.1
593,2019-08-04T02:00:07Z,6a70e2fbced719333e21eff04fcb9cb36bae9a04d1a3d6ddd96f2c58,60.15432,24.9211,0000000019fb59c4,18.79
594,2019-08-04T02:00:07Z,6ff437688c444238352c28f64f9d2a7d0f14d19c9ea42c225380501e,60.16762,24.95415,000000006b44cce7,21.87
595,2019-08-04T02:00:07Z,747f2d1ebff218c0ebbdc0fdaef4cbe56633dfb46ae1b1f8c8142201,60.16762,24.95415,000000006b44cce7,12.69
596,2019-08-04T02:00:07Z,79f136afa0dd8717337c01c70b457c464aaf0fa25b440f51a394ec23,60.16762,24.95415,000000006b44cce7,12.69
597,2019-08-04T02:00:07Z,7de75f59d3110cdf6e742fba9785ed0399f83ea50e4c5d255adb21ff,60.16897,24.95222,00000000aa852af1,18.79
598,2019-08-04T02:00:07Z,87dfaad29a9276ddddb1fa021d3bc23ad14824c1af16f7d87e713689,60.14951,24.92138,0000000006dd41f6,8.38
599,2019-08-04T02:00:07Z,883ebb40a6014a1ae0b9cf0a8ae29a2b4d5c3a1bf438947a81d890cc,60.16544,24.95398,0000000038d83d41,31.5
600,2019-08-04T02:00:07Z,89982a6acf91b79a282a6b63978e946ee205f303fcd20e944e06baf0,60.16544,24.95398,0000000038d83d41,31.5
601,2019-08-04T02:00:07Z,8c75c3289c84fe4493e1e272a77b615fe1985880c5dc68a7c1a17b53,60.16762,24.95415,000000006b44cce7,16.1
602,2019-08-04T02:00:07Z,96c0705b3062754c4e9afc471e280530de69c8820bac642f30d4022b,60.16762,24.95415,000000006b44cce7,20.28
603,2019-08-04T02:00:07Z,a3b4b2c08d30b2cbabe32fd49bcbb4f45f50a3f0b0e74f856bedb831,60.16762,24.95415,000000006b44cce7,21.87
604,2019-08-04T02:00:07Z,a91d379a4b57c5df22db0d7a041ff69f657b4b31f28554b1011fc03c,60.16544,24.95398,0000000038d83d41,27.28
605,2019-08-04T02:00:07Z,b33ae7715d6d2571066655c2c8954a5a364b5601869047de83410d9f,60.16629,24.95957,00000000fb7600be,23.56
606,2019-08-04T02:00:07Z,b5fd6b317890e5ab2d79e2cd1abe61626d45a753c7337d0d40728898,60.16762,24.95415,000000006b44cce7,6.46
607,2019-08-04T02:00:07Z,c40c37def6bf11a63a2556519a7c6233fd417cdeea2cf14f28e7c42c,60.16531,24.9442,00000000fdda10fe,25.36
608,2019-08-04T02:00:07Z,c9cb2b9de2b21abecad29584393bea94a97f282f234f310e2468d7a7,60.16075,24.95883,00000000f1124bca,29.32
609,2019-08-04T02:00:07Z,cf05623e4d87ce0906c0b0b7dbf53aacc1228016cd27c341228b6e76,60.18203,24.91341,00000000342570c2,17.4
610,2019-08-04T02:00:07Z,d0bb9fef9a0ef26adcdd4732c9c20361bce49826f32c2892242831b8,60.16762,24.95415,000000006b44cce7,17.4
611,2019-08-04T02:00:07Z,f088630d7476dae7d4b7e2bb1f10575f2c89acb4b6e061f3d57c2b40,60.16531,24.9442,00000000fdda10fe,18.79
612,2019-08-04T02:00:07Z,f6609ab1076b1105bb845595a03b41b8fbb282f79c337df5bbc9f841,60.14699,24.922,00000000a53ed894,12.69
613,2019-08-04T02:00:07Z,fc4f3a44235f1cfc7b53f14ba2da599976a5a0a220d23b852688e485,60.17919,24.95181,000000007b5207b6,18.79
614,2019-08-04T02:00:07Z,032a59647297ad5458cd75a64c6405172cebb8eb2f33b7ab5ce92c4b,60.17918,24.95141,00000000675d5200,16.1
615,2019-08-04T02:00:07Z,046d88221ec15b64bcac02c9056c3cdd39e2ce29bc8cde90aa2d7ed9,60.16897,24.95222,00000000aa852af1,10.78
616,2019-08-04T02:00:07Z,0486b4520285f3ca2132b986edabb7c19dfc5708a6c163ff40ed37b9,60.16448,24.97323,0000000053c6c2be,18.79
617,2019-08-04T02:00:07Z,11acd771bb0e2f3b2f3e08a7f5e80f0f44e73a715bff0585bc669672,60.17002,24.94407,000000006b087f40,29.32
618,2019-08-04T02:00:07Z,124a6ddd121114d11fcde48234ff0b8931d0f3fba2b00efd0948255c,60.16897,24.95222,00000000aa852af1,27.28
619,2019-08-04T02:00:07Z,137a95acb1432cb5b163aa6e55df6f8d03cfd04b24a6938e6e4d659d,60.16762,24.95415,000000006b44cce7,4.11
620,2019-08-04T02:00:07Z,1780f64a77699d00e2128b929079dfa4cbc3724f901639c7ca5049f1,60.16629,24.95957,00000000fb7600be,13.75
621,2019-08-04T02:00:07Z,26166cf5b9b16d54fc1561e096e46512a7b60243de6b9acdf28d33b1,60.16829,24.94214,00000000afef4555,25.36
622,2019-08-04T02:00:07Z,30fa308b62f0b2690eb8de9a8dcd711bb02917322258ed95a7c50362,60.17002,24.94407,000000006b087f40,29.32
623,2019-08-04T02:00:07Z,339f6a365c38070f7de8fbf2f831e126f72a0f5d109d5be30735cb7e,60.16897,24.95222,00000000aa852af1,25.36
624,2019-08-04T02:00:07Z,406c8df3855d308047a12843434f2fac7dc6a2dba12c20edbdf06606,60.1538,24.95595,0000000038bf9618,4.5
625,2019-08-04T02:00:07Z,41563291ad4864bc7bc48c55bb60b489655036f1b6bc2a8e39c6bd6c,60.17918,24.95141,00000000675d5200,7.05
626,2019-08-04T02:00:07Z,45f3f37f5104c27fc21a7db518e7a7f57b68709f23f02b5efa540f7a,60.14947,24.91438,000000004ef3150d,12.69
627,2019-08-04T02:00:07Z,47de555c057bf55633de335cbcd553c3ed54cb6937bf717f3e9c2098,60.1538,24.95595,0000000038bf9618,27.28
628,2019-08-04T02:00:07Z,4933441a869df1350df5f0d62d5eb729a3e16345489767c9e3c7b25d,60.16829,24.94214,00000000afef4555,33.81
629,2019-08-04T02:00:07Z,584cb0b0cdd14e608c8b57c8aecc9826f9b40027e365e2438a444ea2,60.16762,24.95415,000000006b44cce7,18.79
630,2019-08-04T02:00:07Z,5a089a2b4bb3f5a34f57f2dcafd1462570fa59744c22e9b00735e8c6,60.1538,24.95595,0000000038bf9618,12.69
631,2019-08-04T02:00:07Z,5fe8361986b55846f6d1ec3097d8574942a395272565380955783578,60.16829,24.94214,00000000afef4555,33.81
632,2019-08-04T02:00:07Z,699b48bb93c5befb62ff0686e75f158406b659f14daec16ab66d4499,60.15432,24.9211,0000000019fb59c4,20.28
633,2019-08-04T02:00:07Z,6ff48066dbbd91fad556cf8d4584f5f79f7961521855734e82e4c187,60.16762,24.95415,000000006b44cce7,9.12
634,2019-08-04T02:00:07Z,70cc7b0a8e166380ca0fbc55a58d9a59c9de9f05a9f95ebb82482d5a,60.16762,24.95415,000000006b44cce7,10.78
635,2019-08-04T02:00:07Z,7af0c77f50a36fde55c6116ce6fc95063a67a5db61e827b85739d62d,60.16762,24.95415,000000006b44cce7,14.89
636,2019-08-04T02:00:07Z,7b91d732042030189a304f65807ba95cf9e2445e16fd7666747e7e56,60.1538,24.95595,0000000038bf9618,14.89
637,2019-08-04T02:00:07Z,7bafc9b6f74b521018b3c6eb85088f47050dae502879caa96dcb94a6,60.1538,24.95595,0000000038bf9618,16.1
638,2019-08-04T02:00:07Z,8b49994992a96e97c5f92629f1aca931941db8b36050ac6b25c3c67f,60.16897,24.95222,00000000aa852af1,23.56
639,2019-08-04T02:00:07Z,908f6e55722b62d1a119a53c057da05ffa37d70f23fd89ffff5bc996,60.16531,24.9442,00000000fdda10fe,31.5
640,2019-08-04T02:00:07Z,9313086be16704612615b82b0fb0a2bac8d249cbf373b54d85a5b3f1,60.1538,24.95595,0000000038bf9618,29.32
641,2019-08-04T02:00:07Z,94fb0519469907d303095ced8eea82b15282bbaf6df970a9d4025cb2,60.17002,24.94407,000000006b087f40,14.89
642,2019-08-04T02:00:07Z,a12dfe20bcda9301943010682dd87a01ab2662611ca795c4ff1fe6c6,60.16531,24.9442,00000000fdda10fe,31.5
643,2019-08-04T02:00:07Z,aa1d7752e4be44a55f5bfc8df2f6c278afe69b5b19b79702a22908f8,60.1538,24.95595,0000000038bf9618,18.79
644,2019-08-04T02:00:07Z,abde1ce60ef19a41508ac1f9661c3dec611550421c09cc568ced193f,60.17002,24.94407,000000006b087f40,29.32
645,2019-08-04T02:00:07Z,b38900c896751899e1c20c791610870bbbde7839746846d07481e0c7,60.16829,24.94214,00000000afef4555,23.56
646,2019-08-04T02:00:07Z,b6b900b0eb62ba369c75a8851299367b1ebd94fbf19ccfa3d5466248,60.1538,24.95595,0000000038bf9618,25.36
647,2019-08-04T02:00:07Z,bc07df8cc395f6f4f5d483b2233caca5f93a6918f346e4cc3702f8cc,60.16531,24.9442,00000000fdda10fe,9.92
648,2019-08-04T02:00:07Z,c0a0ca3433586ed2ae0e448f2406fabac7292ac79d49562e0bd5cef8,60.16762,24.95415,000000006b44cce7,12.69
649,2019-08-04T02:00:07Z,d00f32677e342c7dcb88c9fa30272e08ec9a4f49d8006dffbf598a03,60.16762,24.95415,000000006b44cce7,21.87
650,2019-08-04T02:00:07Z,d2385ee2268e25ac4ecb903a337a6e512910a99cd4349e54eb5eaa72,60.17002,24.94407,000000006b087f40,27.28
651,2019-08-04T02:00:07Z,d6ad6fb5be8355cc1f877358ec4f09a2ba3df7c177e331113ef376a1,60.16829,24.94214,00000000afef4555,20.28
652,2019-08-04T02:00:07Z,e1bc48d02d172fa89085656433b35028a10ff453a3261a2634984559,60.149,24.9843,00000000fffb8cf0,25.36
653,2019-08-04T02:00:07Z,e66dee158121004b2a8098c673bc0d10944147d07f5f738cb9dd32be,60.16829,24.94214,00000000afef4555,27.28
654,2019-08-04T02:00:07Z,e7baeb3fa75db84982c28c08efcf29a123618b687c634aae2f7a2b1a,60.16531,24.9442,00000000fdda10fe,21.87
655,2019-08-04T02:00:07Z,e8e8a9de5f61b99c3112c21d7e04620774bb5b9c615ec741aa5e8f66,60.1538,24.95595,0000000038bf9618,33.81
656,2019-08-04T02:00:07Z,ecd3f6878f10e201456713c185926a3d85ae8b5eb2484b73f155ec5a,60.16531,24.9442,00000000fdda10fe,9.92
657,2019-08-04T02:00:07Z,ed3b2eaece7e8846b296ad5c3f195aafb7410c95a88887d845982981,60.16762,24.95415,000000006b44cce7,16.1
658,2019-08-04T02:00:07Z,f2f62de93f5e3596a61d41a7fe5f0a10b2a73b89597cc33137ff5d2f,60.16829,24.94214,00000000afef4555,20.28
659,2019-08-04T02:00:07Z,f8273595f5e5729d41d9da6b8dd60a5b3bd34f343f1ffe267c18d619,60.16762,24.95415,000000006b44cce7,9.12
660,2019-08-04T02:00:07Z,fdee081029f300921f900de7b5ca558afa02840b183c6555169c26c7,60.1538,24.95595,0000000038bf9618,33.81
661,2019-08-04T02:00:08Z,14c7e1511b70f4dd3359cbece1377aebb4d70531f5489eefe53d7c3c,60.16544,24.95398,0000000038d83d41,23.56
662,2019-08-04T02:00:08Z,165ebbb4090d47319ae370f0d0854fdc1f6b79499f8b2e4d3c3533c0,60.16544,24.95398,0000000038d83d41,23.56
663,2019-08-04T02:00:08Z,297c725b456ef12d2712634b21546721cbe93224d3a5762d897404f2,60.16762,24.95415,000000006b44cce7,13.75
664,2019-08-04T02:00:08Z,3944bc7a301be7241d1f7bc4a97f221000d535ce3d8a9af9af9b23b5,60.16531,24.9442,00000000fdda10fe,29.32
665,2019-08-04T02:00:08Z,43b676ed3aef4c2d8846694817e76117873be52e7f788e0cb366c1c4,60.16629,24.95957,00000000fb7600be,25.36
666,2019-08-04T02:00:08Z,43ea43e1aaac8d6d523965f79fd32aa5e5942a98e66e9b6dbaf67f8d,60.16897,24.95222,00000000aa852af1,21.87
667,2019-08-04T02:00:08Z,43f0659ef87792b2d876153eb4b35ac5ac2db3bd5de1eb30f3303e5c,60.17002,24.94407,000000006b087f40,41.64
668,2019-08-04T02:00:08Z,5bbb5184fded3e51bc78e45e39917794285e6bbc72da404802a9599a,60.16531,24.9442,00000000fdda10fe,23.56
669,2019-08-04T02:00:08Z,5c833bdbbf1fd3a307bb37daa4021d8b3d3342b1552dcc0989fe9b16,60.16762,24.95415,000000006b44cce7,10.78
670,2019-08-04T02:00:08Z,5d65719c4cbf045f068d084b72302f447d5fd034413d97d13be00d0e,60.18203,24.91341,00000000342570c2,27.28
671,2019-08-04T02:00:08Z,6066632ddc94b5c482a2d4f45ed2532e55e3fd63e414a084a596a737,60.16762,24.95415,000000006b44cce7,16.1
672,2019-08-04T02:00:08Z,66dabd3229229330d23c70e9e1737429ddfe69db01f4a6a00f70fa20,60.16762,24.95415,000000006b44cce7,20.28
673,2019-08-04T02:00:08Z,6a70e2fbced719333e21eff04fcb9cb36bae9a04d1a3d6ddd96f2c58,60.15432,24.9211,0000000019fb59c4,21.87
674,2019-08-04T02:00:08Z,6f06341f358e61699fe1e55e986dd0554bc8da28b91daf0c5ad99db6,60.16629,24.95957,00000000fb7600be,29.32
675,2019-08-04T02:00:08Z,6ff437688c444238352c28f64f9d2a7d0f14d19c9ea42c225380501e,60.16762,24.95415,000000006b44cce7,20.28
676,2019-08-04T02:00:08Z,747f2d1ebff218c0ebbdc0fdaef4cbe56633dfb46ae1b1f8c8142201,60.16762,24.95415,000000006b44cce7,13.75
677,2019-08-04T02:00:08Z,79f136afa0dd8717337c01c70b457c464aaf0fa25b440f51a394ec23,60.16762,24.95415,000000006b44cce7,13.75
678,2019-08-04T02:00:08Z,7de75f59d3110cdf6e742fba9785ed0399f83ea50e4c5d255adb21ff,60.16897,24.95222,00000000aa852af1,18.79
679,2019-08-04T02:00:08Z,87dfaad29a9276ddddb1fa021d3bc23ad14824c1af16f7d87e713689,60.14951,24.92138,0000000006dd41f6,13.75
680,2019-08-04T02:00:08Z,89982a6acf91b79a282a6b63978e946ee205f303fcd20e944e06baf0,60.16544,24.95398,0000000038d83d41,20.28
681,2019-08-04T02:00:08Z,8b0535dd90c15c8fd1b256e7a48369741b0fe9d58f8f05f6e46134b7,60.16544,24.95398,0000000038d83d41,25.36
682,2019-08-04T02:00:08Z,9041c42fbb1cf987ee209454d6f5fab418a20e06fd7625460be30fa6,60.16531,24.9442,00000000fdda10fe,44.58
683,2019-08-04T02:00:08Z,94305981fc006eedb612f0981b0f33607e4a9335378b7f22994c32fa,60.17002,24.94407,000000006b087f40,29.32
684,2019-08-04T02:00:08Z,96c0705b3062754c4e9afc471e280530de69c8820bac642f30d4022b,60.16762,24.95415,000000006b44cce7,25.36
685,2019-08-04T02:00:08Z,a3b4b2c08d30b2cbabe32fd49bcbb4f45f50a3f0b0e74f856bedb831,60.16762,24.95415,000000006b44cce7,16.1
686,2019-08-04T02:00:08Z,a91d379a4b57c5df22db0d7a041ff69f657b4b31f28554b1011fc03c,60.16544,24.95398,0000000038d83d41,31.5
687,2019-08-04T02:00:08Z,b33ae7715d6d2571066655c2c8954a5a364b5601869047de83410d9f,60.16629,24.95957,00000000fb7600be,21.87
688,2019-08-04T02:00:08Z,b5026d7cf52e7ab96df2ba76a516d819fb11765e520b765d373d186b,60.16448,24.97323,0000000053c6c2be,27.28
689,2019-08-04T02:00:08Z,b5fd6b317890e5ab2d79e2cd1abe61626d45a753c7337d0d40728898,60.16762,24.95415,000000006b44cce7,7.69
690,2019-08-04T02:00:08Z,c40c37def6bf11a63a2556519a7c6233fd417cdeea2cf14f28e7c42c,60.16531,24.9442,00000000fdda10fe,25.36
691,2019-08-04T02:00:08Z,c578a1f266f1ac8f40756ab095d6d81719f90b3a1d4c4808f72ce963,60.14951,24.92138,0000000006dd41f6,27.28
692,2019-08-04T02:00:08Z,c9cb2b9de2b21abecad29584393bea94a97f282f234f310e2468d7a7,60.16075,24.95883,00000000f1124bca,27.28
693,2019-08-04T02:00:08Z,cf05623e4d87ce0906c0b0b7dbf53aacc1228016cd27c341228b6e76,60.18203,24.91341,00000000342570c2,17.4
694,2019-08-04T02:00:08Z,f088630d7476dae7d4b7e2bb1f10575f2c89acb4b6e061f3d57c2b40,60.16531,24.9442,00000000fdda10fe,21.87
695,2019-08-04T02:00:08Z,f31f5bdb4a4c81da52b05c2e91ed700307625920f573cdcf68c91d19,60.16897,24.95222,00000000aa852af1,31.5
696,2019-08-04T02:00:08Z,f6609ab1076b1105bb845595a03b41b8fbb282f79c337df5bbc9f841,60.14699,24.922,00000000a53ed894,16.1
697,2019-08-04T02:00:08Z,fc4f3a44235f1cfc7b53f14ba2da599976a5a0a220d23b852688e485,60.17918,24.95141,00000000675d5200,29.32
698,2019-08-04T02:00:08Z,032a59647297ad5458cd75a64c6405172cebb8eb2f33b7ab5ce92c4b,60.17918,24.95141,00000000675d5200,16.1
699,2019-08-04T02:00:08Z,046d88221ec15b64bcac02c9056c3cdd39e2ce29bc8cde90aa2d7ed9,60.16897,24.95222,00000000aa852af1,23.56
700,2019-08-04T02:00:08Z,0486b4520285f3ca2132b986edabb7c19dfc5708a6c163ff40ed37b9,60.16448,24.97323,0000000053c6c2be,16.1
701,2019-08-04T02:00:08Z,11acd771bb0e2f3b2f3e08a7f5e80f0f44e73a715bff0585bc669672,60.17002,24.94407,000000006b087f40,27.28
702,2019-08-04T02:00:08Z,124a6ddd121114d11fcde48234ff0b8931d0f3fba2b00efd0948255c,60.16897,24.95222,00000000aa852af1,13.75
703,2019-08-04T02:00:08Z,137a95acb1432cb5b163aa6e55df6f8d03cfd04b24a6938e6e4d659d,60.16762,24.95415,000000006b44cce7,10.78
704,2019-08-04T02:00:08Z,1780f64a77699d00e2128b929079dfa4cbc3724f901639c7ca5049f1,60.16629,24.95957,00000000fb7600be,14.89
705,2019-08-04T02:00:08Z,2696f6a462520c8284659d993a9bf0545c2b2f278e1538f7f60dd1d3,60.17002,24.94407,000000006b087f40,7.69
706,2019-08-04T02:00:08Z,30fa308b62f0b2690eb8de9a8dcd711bb02917322258ed95a7c50362,60.17002,24.94407,000000006b087f40,21.87
707,2019-08-04T02:00:08Z,339f6a365c38070f7de8fbf2f831e126f72a0f5d109d5be30735cb7e,60.16897,24.95222,00000000aa852af1,25.36
708,2019-08-04T02:00:08Z,3887fec87dd40ed28900ea630ba55753da933476c2f9d019a0ad8d90,60.16829,24.94214,00000000afef4555,29.32
709,2019-08-04T02:00:08Z,41563291ad4864bc7bc48c55bb60b489655036f1b6bc2a8e39c6bd6c,60.17919,24.95181,000000007b5207b6,16.1
710,2019-08-04T02:00:08Z,45f3f37f5104c27fc21a7db518e7a7f57b68709f23f02b5efa540f7a,60.14947,24.91438,000000004ef3150d,9.12
711,2019-08-04T02:00:08Z,4933441a869df1350df5f0d62d5eb729a3e16345489767c9e3c7b25d,60.16829,24.94214,00000000afef4555,25.36
712,2019-08-04T02:00:08Z,584cb0b0cdd14e608c8b57c8aecc9826f9b40027e365e2438a444ea2,60.16762,24.95415,000000006b44cce7,11.7
713,2019-08-04T02:00:08Z,58b7c53decdf23347782d6442cb4349ee5312db1d5ba8da9e4c2af25,60.16762,24.95415,000000006b44cce7,18.79
714,2019-08-04T02:00:08Z,5a089a2b4bb3f5a34f57f2dcafd1462570fa59744c22e9b00735e8c6,60.1538,24.95595,0000000038bf9618,21.87
715,2019-08-04T02:00:08Z,5ab296982b1d4c06d8705706a63a824488a6f1be7d9c05e6a6139408,60.17002,24.94407,000000006b087f40,29.32
716,2019-08-04T02:00:08Z,5fe8361986b55846f6d1ec3097d8574942a395272565380955783578,60.16829,24.94214,00000000afef4555,29.32
717,2019-08-04T02:00:08Z,699b48bb93c5befb62ff0686e75f158406b659f14daec16ab66d4499,60.15432,24.9211,0000000019fb59c4,20.28
718,2019-08-04T02:00:08Z,6ff48066dbbd91fad556cf8d4584f5f79f7961521855734e82e4c187,60.16762,24.95415,000000006b44cce7,9.92
719,2019-08-04T02:00:08Z,70cc7b0a8e166380ca0fbc55a58d9a59c9de9f05a9f95ebb82482d5a,60.16762,24.95415,000000006b44cce7,10.78
720,2019-08-04T02:00:08Z,74cb545f76f0bfc5498607247e26e814276a11ce91f77208054ecbc5,60.17002,24.94407,000000006b087f40,20.28
721,2019-08-04T02:00:08Z,766fa923652ba92f13ab23349bce568d0b33dbf0ccdf7606e5e633ec,60.16531,24.9442,00000000fdda10fe,33.81
722,2019-08-04T02:00:08Z,7a0f425ccdf5813a089dd619056db4cf41173803f079c37bab520825,60.18203,24.91341,00000000342570c2,27.28
723,2019-08-04T02:00:08Z,7af0c77f50a36fde55c6116ce6fc95063a67a5db61e827b85739d62d,60.16762,24.95415,000000006b44cce7,14.89
724,2019-08-04T02:00:08Z,7b91d732042030189a304f65807ba95cf9e2445e16fd7666747e7e56,60.1538,24.95595,0000000038bf9618,13.75
725,2019-08-04T02:00:08Z,7bafc9b6f74b521018b3c6eb85088f47050dae502879caa96dcb94a6,60.1538,24.95595,0000000038bf9618,13.75
726,2019-08-04T02:00:08Z,8b49994992a96e97c5f92629f1aca931941db8b36050ac6b25c3c67f,60.16897,24.95222,00000000aa852af1,21.87
727,2019-08-04T02:00:08Z,908f6e55722b62d1a119a53c057da05ffa37d70f23fd89ffff5bc996,60.16531,24.9442,00000000fdda10fe,18.79
728,2019-08-04T02:00:08Z,9173442e2f747f902896659a35f9782497dbe91c8c5c8e5b2c712fba,60.16897,24.95222,00000000aa852af1,16.1
729,2019-08-04T02:00:08Z,94fb0519469907d303095ced8eea82b15282bbaf6df970a9d4025cb2,60.17002,24.94407,000000006b087f40,23.56
730,2019-08-04T02:00:08Z,9885232e95a8b6b4437174be089c6af71b1fe0bddfea879d306b3041,60.17002,24.94407,000000006b087f40,25.36
731,2019-08-04T02:00:08Z,ac1d8b4abb888a4fd2d8207b469c8dd388f813d1f69b5312648bc565,60.17002,24.94407,000000006b087f40,25.36
732,2019-08-04T02:00:08Z,b38900c896751899e1c20c791610870bbbde7839746846d07481e0c7,60.16829,24.94214,00000000afef4555,31.5
733,2019-08-04T02:00:08Z,b6b900b0eb62ba369c75a8851299367b1ebd94fbf19ccfa3d5466248,60.1538,24.95595,0000000038bf9618,21.87
734,2019-08-04T02:00:08Z,bc07df8cc395f6f4f5d483b2233caca5f93a6918f346e4cc3702f8cc,60.16531,24.9442,00000000fdda10fe,10.78
735,2019-08-04T02:00:08Z,d2385ee2268e25ac4ecb903a337a6e512910a99cd4349e54eb5eaa72,60.17002,24.94407,000000006b087f40,27.28
736,2019-08-04T02:00:08Z,d6ad6fb5be8355cc1f877358ec4f09a2ba3df7c177e331113ef376a1,60.16829,24.94214,00000000afef4555,17.4
737,2019-08-04T02:00:08Z,e1bc48d02d172fa89085656433b35028a10ff453a3261a2634984559,60.149,24.9843,00000000fffb8cf0,13.75
738,2019-08-04T02:00:08Z,e8e8a9de5f61b99c3112c21d7e04620774bb5b9c615ec741aa5e8f66,60.1538,24.95595,0000000038bf9618,25.36
739,2019-08-04T02:00:08Z,ecd3f6878f10e201456713c185926a3d85ae8b5eb2484b73f155ec5a,60.16531,24.9442,00000000fdda10fe,9.92
740,2019-08-04T02:00:08Z,f2f62de93f5e3596a61d41a7fe5f0a10b2a73b89597cc33137ff5d2f,60.16829,24.94214,00000000afef4555,17.4
741,2019-08-04T02:00:08Z,f39586246b349fd26e26b06bfdbf9149d03895270dfe4268dd7a6848,60.1538,24.95595,0000000038bf9618,13.75
742,2019-08-04T02:00:08Z,f8273595f5e5729d41d9da6b8dd60a5b3bd34f343f1ffe267c18d619,60.16762,24.95415,000000006b44cce7,9.12
743,2019-08-04T02:00:08Z,f9399339c3de44774896319d3f291771cebcaf2666df1d6062469882,60.16531,24.9442,00000000fdda10fe,29.32
744,2019-08-04T02:00:08Z,f9e28a5bfffbfa5e1f903d0e09d25b9b1f72e0e7217cb6c8ffef7d50,60.16829,24.94214,00000000afef4555,29.32
745,2019-08-04T02:00:08Z,f9e4c8bb6cfbf0b2b6572af73770dcf4df61cb7fa5b63860dd3bbb71,60.16629,24.95957,00000000fb7600be,31.5
746,2019-08-04T02:00:08Z,fdee081029f300921f900de7b5ca558afa02840b183c6555169c26c7,60.1538,24.95595,0000000038bf9618,33.81
747,2019-08-04T02:00:09Z,14c7e1511b70f4dd3359cbece1377aebb4d70531f5489eefe53d7c3c,60.16544,24.95398,0000000038d83d41,23.56
748,2019-08-04T02:00:09Z,165ebbb4090d47319ae370f0d0854fdc1f6b79499f8b2e4d3c3533c0,60.16544,24.95398,0000000038d83d41,33.81
749,2019-08-04T02:00:09Z,17b28910b6cbc057680693633275c4ca53938281bc38178f96c44947,60.17002,24.94407,000000006b087f40,29.32
750,2019-08-04T02:00:09Z,297c725b456ef12d2712634b21546721cbe93224d3a5762d897404f2,60.16762,24.95415,000000006b44cce7,11.7
751,2019-08-04T02:00:09Z,3944bc7a301be7241d1f7bc4a97f221000d535ce3d8a9af9af9b23b5,60.16531,24.9442,00000000fdda10fe,25.36
752,2019-08-04T02:00:09Z,43b676ed3aef4c2d8846694817e76117873be52e7f788e0cb366c1c4,60.16629,24.95957,00000000fb7600be,25.36
753,2019-08-04T02:00:09Z,43ea43e1aaac8d6d523965f79fd32aa5e5942a98e66e9b6dbaf67f8d,60.16897,24.95222,00000000aa852af1,21.87
754,2019-08-04T02:00:09Z,43f0659ef87792b2d876153eb4b35ac5ac2db3bd5de1eb30f3303e5c,60.17002,24.94407,000000006b087f40,29.32
755,2019-08-04T02:00:09Z,5bbb5184fded3e51bc78e45e39917794285e6bbc72da404802a9599a,60.16531,24.9442,00000000fdda10fe,38.87
756,2019-08-04T02:00:09Z,5c833bdbbf1fd3a307bb37daa4021d8b3d3342b1552dcc0989fe9b16,60.16762,24.95415,000000006b44cce7,10.78
757,2019-08-04T02:00:09Z,5d65719c4cbf045f068d084b72302f447d5fd034413d97d13be00d0e,60.18203,24.91341,00000000342570c2,17.4
758,2019-08-04T02:00:09Z,6066632ddc94b5c482a2d4f45ed2532e55e3fd63e414a084a596a737,60.16762,24.95415,000000006b44cce7,18.79
759,2019-08-04T02:00:09Z,66dabd3229229330d23c70e9e1737429ddfe69db01f4a6a00f70fa20,60.16762,24.95415,000000006b44cce7,20.28
760,2019-08-04T02:00:09Z,6a70e2fbced719333e21eff04fcb9cb36bae9a04d1a3d6ddd96f2c58,60.15432,24.9211,0000000019fb59c4,27.28
761,2019-08-04T02:00:09Z,6ff437688c444238352c28f64f9d2a7d0f14d19c9ea42c225380501e,60.16762,24.95415,000000006b44cce7,20.28
762,2019-08-04T02:00:09Z,747f2d1ebff218c0ebbdc0fdaef4cbe56633dfb46ae1b1f8c8142201,60.16762,24.95415,000000006b44cce7,12.69
763,2019-08-04T02:00:09Z,79f136afa0dd8717337c01c70b457c464aaf0fa25b440f51a394ec23,60.16762,24.95415,000000006b44cce7,12.69
764,2019-08-04T02:00:09Z,7de75f59d3110cdf6e742fba9785ed0399f83ea50e4c5d255adb21ff,60.16897,24.95222,00000000aa852af1,21.87
765,2019-08-04T02:00:09Z,87dfaad29a9276ddddb1fa021d3bc23ad14824c1af16f7d87e713689,60.14951,24.92138,0000000006dd41f6,11.7
766,2019-08-04T02:00:09Z,89982a6acf91b79a282a6b63978e946ee205f303fcd20e944e06baf0,60.16544,24.95398,0000000038d83d41,18.79
767,2019-08-04T02:00:09Z,8c75c3289c84fe4493e1e272a77b615fe1985880c5dc68a7c1a17b53,60.16762,24.95415,000000006b44cce7,16.1
768,2019-08-04T02:00:09Z,96c0705b3062754c4e9afc471e280530de69c8820bac642f30d4022b,60.16762,24.95415,000000006b44cce7,21.87
769,2019-08-04T02:00:09Z,a3b4b2c08d30b2cbabe32fd49bcbb4f45f50a3f0b0e74f856bedb831,60.16762,24.95415,000000006b44cce7,14.89
770,2019-08-04T02:00:09Z,a91d379a4b57c5df22db0d7a041ff69f657b4b31f28554b1011fc03c,60.16544,24.95398,0000000038d83d41,31.5
771,2019-08-04T02:00:09Z,b33ae7715d6d2571066655c2c8954a5a364b5601869047de83410d9f,60.16629,24.95957,00000000fb7600be,23.56
772,2019-08-04T02:00:09Z,b5fd6b317890e5ab2d79e2cd1abe61626d45a753c7337d0d40728898,60.16762,24.95415,000000006b44cce7,9.12
773,2019-08-04T02:00:09Z,c40c37def6bf11a63a2556519a7c6233fd417cdeea2cf14f28e7c42c,60.16531,24.9442,00000000fdda10fe,20.28
774,2019-08-04T02:00:09Z,c578a1f266f1ac8f40756ab095d6d81719f90b3a1d4c4808f72ce963,60.14951,24.92138,0000000006dd41f6,29.32
775,2019-08-04T02:00:09Z,c9cb2b9de2b21abecad29584393bea94a97f282f234f310e2468d7a7,60.16075,24.95883,00000000f1124bca,31.5
776,2019-08-04T02:00:09Z,cf05623e4d87ce0906c0b0b7dbf53aacc1228016cd27c341228b6e76,60.18203,24.91341,00000000342570c2,17.4
777,2019-08-04T02:00:09Z,f088630d7476dae7d4b7e2bb1f10575f2c89acb4b6e061f3d57c2b40,60.16531,24.9442,00000000fdda10fe,29.32
778,2019-08-04T02:00:09Z,f6609ab1076b1105bb845595a03b41b8fbb282f79c337df5bbc9f841,60.14699,24.922,00000000a53ed894,17.4
779,2019-08-04T02:00:09Z,fc4f3a44235f1cfc7b53f14ba2da599976a5a0a220d23b852688e485,60.17919,24.95181,000000007b5207b6,17.4
780,2019-08-04T02:00:09Z,032a59647297ad5458cd75a64c6405172cebb8eb2f33b7ab5ce92c4b,60.17918,24.95141,00000000675d5200,14.89
781,2019-08-04T02:00:09Z,046d88221ec15b64bcac02c9056c3cdd39e2ce29bc8cde90aa2d7ed9,60.16897,24.95222,00000000aa852af1,23.56
782,2019-08-04T02:00:09Z,124a6ddd121114d11fcde48234ff0b8931d0f3fba2b00efd0948255c,60.16897,24.95222,00000000aa852af1,20.28
783,2019-08-04T02:00:09Z,137a95acb1432cb5b163aa6e55df6f8d03cfd04b24a6938e6e4d659d,60.16762,24.95415,000000006b44cce7,4.11
784,2019-08-04T02:00:09Z,1780f64a77699d00e2128b929079dfa4cbc3724f901639c7ca5049f1,60.16629,24.95957,00000000fb7600be,25.36
785,2019-08-04T02:00:09Z,1dacfb371d75dd4f90f447aac2a00faad98beb4188a6971c19eb2375,60.16629,24.95957,00000000fb7600be,27.28
786,2019-08-04T02:00:09Z,339f6a365c38070f7de8fbf2f831e126f72a0f5d109d5be30735cb7e,60.16897,24.95222,00000000aa852af1,13.75
787,2019-08-04T02:00:09Z,361f937ab1057efd291aadfbf88395a903b0bbcfff8ee3afe1431a31,60.16544,24.95398,0000000038d83d41,23.56
788,2019-08-04T02:00:09Z,406c8df3855d308047a12843434f2fac7dc6a2dba12c20edbdf06606,60.1538,24.95595,0000000038bf9618,12.69
789,2019-08-04T02:00:09Z,41563291ad4864bc7bc48c55bb60b489655036f1b6bc2a8e39c6bd6c,60.17918,24.95141,00000000675d5200,7.69
790,2019-08-04T02:00:09Z,45f3f37f5104c27fc21a7db518e7a7f57b68709f23f02b5efa540f7a,60.14947,24.91438,000000004ef3150d,13.75
791,2019-08-04T02:00:09Z,47de555c057bf55633de335cbcd553c3ed54cb6937bf717f3e9c2098,60.1538,24.95595,0000000038bf9618,33.81
792,2019-08-04T02:00:09Z,480fb4d21f468835d0f2dcb08f1de1762a769273f6735a320b3821d7,60.14699,24.922,00000000a53ed894,33.81
793,2019-08-04T02:00:09Z,52b5c13130e800c3d760150f50d6fb634f091cc97cd7dfdaa92cdd71,60.16897,24.95222,00000000aa852af1,31.5
794,2019-08-04T02:00:09Z,584cb0b0cdd14e608c8b57c8aecc9826f9b40027e365e2438a444ea2,60.16762,24.95415,000000006b44cce7,13.75
795,2019-08-04T02:00:09Z,58b7c53decdf23347782d6442cb4349ee5312db1d5ba8da9e4c2af25,60.16762,24.95415,000000006b44cce7,18.79
796,2019-08-04T02:00:09Z,5a089a2b4bb3f5a34f57f2dcafd1462570fa59744c22e9b00735e8c6,60.1538,24.95595,0000000038bf9618,21.87
797,2019-08-04T02:00:09Z,5ab296982b1d4c06d8705706a63a824488a6f1be7d9c05e6a6139408,60.17002,24.94407,000000006b087f40,29.32
798,2019-08-04T02:00:09Z,66204b23c643abf2cc380d679bb57d79c309c25ca943b49c4f183b2d,60.16829,24.94214,00000000afef4555,27.28
799,2019-08-04T02:00:09Z,699b48bb93c5befb62ff0686e75f158406b659f14daec16ab66d4499,60.15432,24.9211,0000000019fb59c4,21.87
800,2019-08-04T02:00:09Z,6ff48066dbbd91fad556cf8d4584f5f79f7961521855734e82e4c187,60.16762,24.95415,000000006b44cce7,4.94
801,2019-08-04T02:00:09Z,70cc7b0a8e166380ca0fbc55a58d9a59c9de9f05a9f95ebb82482d5a,60.16762,24.95415,000000006b44cce7,21.87
802,2019-08-04T02:00:09Z,72e41e18be36571bb9da70ab3087ef307dd5f0366829c8d0457c9685,60.16829,24.94214,00000000afef4555,12.69
803,2019-08-04T02:00:09Z,7af0c77f50a36fde55c6116ce6fc95063a67a5db61e827b85739d62d,60.16762,24.95415,000000006b44cce7,13.75
804,2019-08-04T02:00:09Z,7b91d732042030189a304f65807ba95cf9e2445e16fd7666747e7e56,60.1538,24.95595,0000000038bf9618,38.87
805,2019-08-04T02:00:09Z,7bafc9b6f74b521018b3c6eb85088f47050dae502879caa96dcb94a6,60.1538,24.95595,0000000038bf9618,27.28
806,2019-08-04T02:00:09Z,8b49994992a96e97c5f92629f1aca931941db8b36050ac6b25c3c67f,60.16897,24.95222,00000000aa852af1,17.4
807,2019-08-04T02:00:09Z,908f6e55722b62d1a119a53c057da05ffa37d70f23fd89ffff5bc996,60.16531,24.9442,00000000fdda10fe,14.89
808,2019-08-04T02:00:09Z,9173442e2f747f902896659a35f9782497dbe91c8c5c8e5b2c712fba,60.16897,24.95222,00000000aa852af1,20.28
809,2019-08-04T02:00:09Z,9885232e95a8b6b4437174be089c6af71b1fe0bddfea879d306b3041,60.17002,24.94407,000000006b087f40,33.81
810,2019-08-04T02:00:09Z,9aa6011401452463ec819f07785394855c0b49c418b8e19d5fc768df,60.1538,24.95595,0000000038bf9618,21.87
811,2019-08-04T02:00:09Z,a12dfe20bcda9301943010682dd87a01ab2662611ca795c4ff1fe6c6,60.16531,24.9442,00000000fdda10fe,21.87
812,2019-08-04T02:00:09Z,a7fa1ce845d9a694e698b84925d3abc96d36ac7f64144eb32348ed03,60.16762,24.95415,000000006b44cce7,38.87
813,2019-08-04T02:00:09Z,ac1d8b4abb888a4fd2d8207b469c8dd388f813d1f69b5312648bc565,60.17002,24.94407,000000006b087f40,21.87
814,2019-08-04T02:00:09Z,b38900c896751899e1c20c791610870bbbde7839746846d07481e0c7,60.16829,24.94214,00000000afef4555,23.56
815,2019-08-04T02:00:09Z,b506a9cd3cec63a7d46738cf85aca5e1af318642251763063cd376d8,60.16762,24.95415,000000006b44cce7,20.28
816,2019-08-04T02:00:09Z,b6b900b0eb62ba369c75a8851299367b1ebd94fbf19ccfa3d5466248,60.1538,24.95595,0000000038bf9618,21.87
817,2019-08-04T02:00:09Z,bc07df8cc395f6f4f5d483b2233caca5f93a6918f346e4cc3702f8cc,60.16531,24.9442,00000000fdda10fe,9.92
818,2019-08-04T02:00:09Z,c0a0ca3433586ed2ae0e448f2406fabac7292ac79d49562e0bd5cef8,60.16762,24.95415,000000006b44cce7,12.69
819,2019-08-04T02:00:09Z,c9ce14e0dbf0cf3c24f6a92a1930fa32de9a1de0ffe63082ccddb0d6,60.16448,24.97323,0000000053c6c2be,23.56
820,2019-08-04T02:00:09Z,d00f32677e342c7dcb88c9fa30272e08ec9a4f49d8006dffbf598a03,60.16762,24.95415,000000006b44cce7,21.87
821,2019-08-04T02:00:09Z,d216c5aae815b17688c826ff70440e8ff2c5b869fb63b024792f0e53,60.16829,24.94214,00000000afef4555,23.56
822,2019-08-04T02:00:09Z,d6ad6fb5be8355cc1f877358ec4f09a2ba3df7c177e331113ef376a1,60.16829,24.94214,00000000afef4555,17.4
823,2019-08-04T02:00:09Z,e1bc48d02d172fa89085656433b35028a10ff453a3261a2634984559,60.149,24.9843,00000000fffb8cf0,29.32
824,2019-08-04T02:00:09Z,e30c8d515f787275f7e911287d598f569fcfc5092a203f4c001d0dc6,60.16762,24.95415,000000006b44cce7,17.4
825,2019-08-04T02:00:09Z,e66dee158121004b2a8098c673bc0d10944147d07f5f738cb9dd32be,60.16829,24.94214,00000000afef4555,21.87
826,2019-08-04T02:00:09Z,ecd3f6878f10e201456713c185926a3d85ae8b5eb2484b73f155ec5a,60.16531,24.9442,00000000fdda10fe,7.69
827,2019-08-04T02:00:09Z,ed3b2eaece7e8846b296ad5c3f195aafb7410c95a88887d845982981,60.16762,24.95415,000000006b44cce7,13.75
828,2019-08-04T02:00:09Z,f39586246b349fd26e26b06bfdbf9149d03895270dfe4268dd7a6848,60.1538,24.95595,0000000038bf9618,18.79
829,2019-08-04T02:00:09Z,f8273595f5e5729d41d9da6b8dd60a5b3bd34f343f1ffe267c18d619,60.16762,24.95415,000000006b44cce7,9.12
830,2019-08-04T02:00:09Z,f9399339c3de44774896319d3f291771cebcaf2666df1d6062469882,60.16531,24.9442,00000000fdda10fe,31.5
831,2019-08-04T02:00:10Z,14c7e1511b70f4dd3359cbece1377aebb4d70531f5489eefe53d7c3c,60.16544,24.95398,0000000038d83d41,33.81
832,2019-08-04T02:00:10Z,165ebbb4090d47319ae370f0d0854fdc1f6b79499f8b2e4d3c3533c0,60.16544,24.95398,0000000038d83d41,29.32
833,2019-08-04T02:00:10Z,17b28910b6cbc057680693633275c4ca53938281bc38178f96c44947,60.17002,24.94407,000000006b087f40,41.64
834,2019-08-04T02:00:10Z,297c725b456ef12d2712634b21546721cbe93224d3a5762d897404f2,60.16762,24.95415,000000006b44cce7,13.75
835,2019-08-04T02:00:10Z,3944bc7a301be7241d1f7bc4a97f221000d535ce3d8a9af9af9b23b5,60.16531,24.9442,00000000fdda10fe,23.56
836,2019-08-04T02:00:10Z,43b676ed3aef4c2d8846694817e76117873be52e7f788e0cb366c1c4,60.16629,24.95957,00000000fb7600be,27.28
837,2019-08-04T02:00:10Z,43ea43e1aaac8d6d523965f79fd32aa5e5942a98e66e9b6dbaf67f8d,60.16897,24.95222,00000000aa852af1,13.75
838,2019-08-04T02:00:10Z,43f0659ef87792b2d876153eb4b35ac5ac2db3bd5de1eb30f3303e5c,60.17002,24.94407,000000006b087f40,25.36
839,2019-08-04T02:00:10Z,5bbb5184fded3e51bc78e45e39917794285e6bbc72da404802a9599a,60.16531,24.9442,00000000fdda10fe,18.79
840,2019-08-04T02:00:10Z,5c833bdbbf1fd3a307bb37daa4021d8b3d3342b1552dcc0989fe9b16,60.16762,24.95415,000000006b44cce7,9.92
841,2019-08-04T02:00:10Z,5d65719c4cbf045f068d084b72302f447d5fd034413d97d13be00d0e,60.18203,24.91341,00000000342570c2,17.4
842,2019-08-04T02:00:10Z,6066632ddc94b5c482a2d4f45ed2532e55e3fd63e414a084a596a737,60.16762,24.95415,000000006b44cce7,18.79
843,2019-08-04T02:00:10Z,66dabd3229229330d23c70e9e1737429ddfe69db01f4a6a00f70fa20,60.16762,24.95415,000000006b44cce7,18.79
844,2019-08-04T02:00:10Z,6a70e2fbced719333e21eff04fcb9cb36bae9a04d1a3d6ddd96f2c58,60.15432,24.9211,0000000019fb59c4,18.79
845,2019-08-04T02:00:10Z,6f06341f358e61699fe1e55e986dd0554bc8da28b91daf0c5ad99db6,60.16629,24.95957,00000000fb7600be,23.56
846,2019-08-04T02:00:10Z,6ff437688c444238352c28f64f9d2a7d0f14d19c9ea42c225380501e,60.16762,24.95415,000000006b44cce7,25.36
847,2019-08-04T02:00:10Z,747f2d1ebff218c0ebbdc0fdaef4cbe56633dfb46ae1b1f8c8142201,60.16762,24.95415,000000006b44cce7,12.69
848,2019-08-04T02:00:10Z,7986470a464b3209b8bd8128aa284404949b052dd423b443746edcff,60.14951,24.92138,0000000006dd41f6,29.32
849,2019-08-04T02:00:10Z,79f136afa0dd8717337c01c70b457c464aaf0fa25b440f51a394ec23,60.16762,24.95415,000000006b44cce7,11.7
850,2019-08-04T02:00:10Z,7de75f59d3110cdf6e742fba9785ed0399f83ea50e4c5d255adb21ff,60.16897,24.95222,00000000aa852af1,20.28
851,2019-08-04T02:00:10Z,87dfaad29a9276ddddb1fa021d3bc23ad14824c1af16f7d87e713689,60.14951,24.92138,0000000006dd41f6,8.38
852,2019-08-04T02:00:10Z,883ebb40a6014a1ae0b9cf0a8ae29a2b4d5c3a1bf438947a81d890cc,60.16544,24.95398,0000000038d83d41,21.87
853,2019-08-04T02:00:10Z,89982a6acf91b79a282a6b63978e946ee205f303fcd20e944e06baf0,60.16544,24.95398,0000000038d83d41,18.79
854,2019-08-04T02:00:10Z,8c75c3289c84fe4493e1e272a77b615fe1985880c5dc68a7c1a17b53,60.16762,24.95415,000000006b44cce7,11.7
855,2019-08-04T02:00:10Z,96c0705b3062754c4e9afc471e280530de69c8820bac642f30d4022b,60.16762,24.95415,000000006b44cce7,23.56
856,2019-08-04T02:00:10Z,a3a21ef15e1883941a7ed2eb6150357ae068aa4b0b6ce6ca0482ea3a,60.1538,24.95595,0000000038bf9618,36.27
857,2019-08-04T02:00:10Z,a3b4b2c08d30b2cbabe32fd49bcbb4f45f50a3f0b0e74f856bedb831,60.16762,24.95415,000000006b44cce7,17.4
858,2019-08-04T02:00:10Z,a91d379a4b57c5df22db0d7a041ff69f657b4b31f28554b1011fc03c,60.16544,24.95398,0000000038d83d41,41.64
859,2019-08-04T02:00:10Z,af807b67ce09a2ce1744025c421961213f1608ca658ece4df69555a1,60.17002,24.94407,000000006b087f40,33.81
860,2019-08-04T02:00:10Z,b5fd6b317890e5ab2d79e2cd1abe61626d45a753c7337d0d40728898,60.16762,24.95415,000000006b44cce7,7.69
861,2019-08-04T02:00:10Z,c578a1f266f1ac8f40756ab095d6d81719f90b3a1d4c4808f72ce963,60.14951,24.92138,0000000006dd41f6,27.28
862,2019-08-04T02:00:10Z,c9cb2b9de2b21abecad29584393bea94a97f282f234f310e2468d7a7,60.16075,24.95883,00000000f1124bca,31.5
863,2019-08-04T02:00:10Z,cf05623e4d87ce0906c0b0b7dbf53aacc1228016cd27c341228b6e76,60.18203,24.91341,00000000342570c2,17.4
864,2019-08-04T02:00:10Z,d0bb9fef9a0ef26adcdd4732c9c20361bce49826f32c2892242831b8,60.16762,24.95415,000000006b44cce7,17.4
865,2019-08-04T02:00:10Z,f088630d7476dae7d4b7e2bb1f10575f2c89acb4b6e061f3d57c2b40,60.16531,24.9442,00000000fdda10fe,29.32
866,2019-08-04T02:00:10Z,f6609ab1076b1105bb845595a03b41b8fbb282f79c337df5bbc9f841,60.14699,24.922,00000000a53ed894,16.1
867,2019-08-04T02:00:10Z,fc4f3a44235f1cfc7b53f14ba2da599976a5a0a220d23b852688e485,60.17919,24.95181,000000007b5207b6,17.4
868,2019-08-04T02:00:10Z,032a59647297ad5458cd75a64c6405172cebb8eb2f33b7ab5ce92c4b,60.17918,24.95141,00000000675d5200,31.5
869,2019-08-04T02:00:10Z,046d88221ec15b64bcac02c9056c3cdd39e2ce29bc8cde90aa2d7ed9,60.16897,24.95222,00000000aa852af1,20.28
870,2019-08-04T02:00:10Z,11acd771bb0e2f3b2f3e08a7f5e80f0f44e73a715bff0585bc669672,60.17002,24.94407,000000006b087f40,44.58
871,2019-08-04T02:00:10Z,124a6ddd121114d11fcde48234ff0b8931d0f3fba2b00efd0948255c,60.16897,24.95222,00000000aa852af1,14.89
872,2019-08-04T02:00:10Z,137a95acb1432cb5b163aa6e55df6f8d03cfd04b24a6938e6e4d659d,60.16762,24.95415,000000006b44cce7,11.7
873,2019-08-04T02:00:10Z,1780f64a77699d00e2128b929079dfa4cbc3724f901639c7ca5049f1,60.16629,24.95957,00000000fb7600be,14.89
874,2019-08-04T02:00:10Z,2696f6a462520c8284659d993a9bf0545c2b2f278e1538f7f60dd1d3,60.17002,24.94407,000000006b087f40,13.75
875,2019-08-04T02:00:10Z,339f6a365c38070f7de8fbf2f831e126f72a0f5d109d5be30735cb7e,60.16897,24.95222,00000000aa852af1,11.7
876,2019-08-04T02:00:10Z,3887fec87dd40ed28900ea630ba55753da933476c2f9d019a0ad8d90,60.16829,24.94214,00000000afef4555,27.28
877,2019-08-04T02:00:10Z,41563291ad4864bc7bc48c55bb60b489655036f1b6bc2a8e39c6bd6c,60.17919,24.95181,000000007b5207b6,17.4
878,2019-08-04T02:00:10Z,44191012ca0a0cedd409ed55303e99c00a837d6a5e72cfe691cd3c52,60.16762,24.95415,000000006b44cce7,41.64
879,2019-08-04T02:00:10Z,45f3f37f5104c27fc21a7db518e7a7f57b68709f23f02b5efa540f7a,60.14947,24.91438,000000004ef3150d,13.75
880,2019-08-04T02:00:10Z,47de555c057bf55633de335cbcd553c3ed54cb6937bf717f3e9c2098,60.1538,24.95595,0000000038bf9618,27.28
881,2019-08-04T02:00:10Z,584cb0b0cdd14e608c8b57c8aecc9826f9b40027e365e2438a444ea2,60.16762,24.95415,000000006b44cce7,20.28
882,2019-08-04T02:00:10Z,58b7c53decdf23347782d6442cb4349ee5312db1d5ba8da9e4c2af25,60.16762,24.95415,000000006b44cce7,29.32
883,2019-08-04T02:00:10Z,5a089a2b4bb3f5a34f57f2dcafd1462570fa59744c22e9b00735e8c6,60.1538,24.95595,0000000038bf9618,29.32
884,2019-08-04T02:00:10Z,699b48bb93c5befb62ff0686e75f158406b659f14daec16ab66d4499,60.15432,24.9211,0000000019fb59c4,20.28
885,2019-08-04T02:00:10Z,6ff48066dbbd91fad556cf8d4584f5f79f7961521855734e82e4c187,60.16762,24.95415,000000006b44cce7,3.74
886,2019-08-04T02:00:10Z,70cc7b0a8e166380ca0fbc55a58d9a59c9de9f05a9f95ebb82482d5a,60.16762,24.95415,000000006b44cce7,12.69
887,2019-08-04T02:00:10Z,72e41e18be36571bb9da70ab3087ef307dd5f0366829c8d0457c9685,60.16829,24.94214,00000000afef4555,14.89
888,2019-08-04T02:00:10Z,74cb545f76f0bfc5498607247e26e814276a11ce91f77208054ecbc5,60.17002,24.94407,000000006b087f40,20.28
889,2019-08-04T02:00:10Z,766fa923652ba92f13ab23349bce568d0b33dbf0ccdf7606e5e633ec,60.16531,24.9442,00000000fdda10fe,20.28
890,2019-08-04T02:00:10Z,7a0f425ccdf5813a089dd619056db4cf41173803f079c37bab520825,60.18203,24.91341,00000000342570c2,33.81
891,2019-08-04T02:00:10Z,7bafc9b6f74b521018b3c6eb85088f47050dae502879caa96dcb94a6,60.1538,24.95595,0000000038bf9618,23.56
892,2019-08-04T02:00:10Z,8b49994992a96e97c5f92629f1aca931941db8b36050ac6b25c3c67f,60.16897,24.95222,00000000aa852af1,14.89
893,2019-08-04T02:00:10Z,908f6e55722b62d1a119a53c057da05ffa37d70f23fd89ffff5bc996,60.16531,24.9442,00000000fdda10fe,17.4
894,2019-08-04T02:00:10Z,9173442e2f747f902896659a35f9782497dbe91c8c5c8e5b2c712fba,60.16897,24.95222,00000000aa852af1,12.69
895,2019-08-04T02:00:10Z,a12dfe20bcda9301943010682dd87a01ab2662611ca795c4ff1fe6c6,60.16531,24.9442,00000000fdda10fe,27.28
896,2019-08-04T02:00:10Z,aa1d7752e4be44a55f5bfc8df2f6c278afe69b5b19b79702a22908f8,60.1538,24.95595,0000000038bf9618,20.28
897,2019-08-04T02:00:10Z,b38900c896751899e1c20c791610870bbbde7839746846d07481e0c7,60.16829,24.94214,00000000afef4555,21.87
898,2019-08-04T02:00:10Z,b506a9cd3cec63a7d46738cf85aca5e1af318642251763063cd376d8,60.16762,24.95415,000000006b44cce7,31.5
899,2019-08-04T02:00:10Z,b6b900b0eb62ba369c75a8851299367b1ebd94fbf19ccfa3d5466248,60.1538,24.95595,0000000038bf9618,17.4
900,2019-08-04T02:00:10Z,bc07df8cc395f6f4f5d483b2233caca5f93a6918f346e4cc3702f8cc,60.16531,24.9442,00000000fdda10fe,7.05
901,2019-08-04T02:00:10Z,cf01a59875fd999d9698c266b7634a09f9264a5ff26a1c3c48af9069,60.17002,24.94407,000000006b087f40,31.5
902,2019-08-04T02:00:10Z,d00f32677e342c7dcb88c9fa30272e08ec9a4f49d8006dffbf598a03,60.16762,24.95415,000000006b44cce7,23.56
903,2019-08-04T02:00:10Z,d216c5aae815b17688c826ff70440e8ff2c5b869fb63b024792f0e53,60.16829,24.94214,00000000afef4555,29.32
904,2019-08-04T02:00:10Z,d6ad6fb5be8355cc1f877358ec4f09a2ba3df7c177e331113ef376a1,60.16829,24.94214,00000000afef4555,18.79
905,2019-08-04T02:00:10Z,e1bc48d02d172fa89085656433b35028a10ff453a3261a2634984559,60.149,24.9843,00000000fffb8cf0,14.89
906,2019-08-04T02:00:10Z,e30c8d515f787275f7e911287d598f569fcfc5092a203f4c001d0dc6,60.16762,24.95415,000000006b44cce7,16.1
907,2019-08-04T02:00:10Z,e66dee158121004b2a8098c673bc0d10944147d07f5f738cb9dd32be,60.16829,24.94214,00000000afef4555,31.5
908,2019-08-04T02:00:10Z,e7baeb3fa75db84982c28c08efcf29a123618b687c634aae2f7a2b1a,60.16531,24.9442,00000000fdda10fe,25.36
909,2019-08-04T02:00:10Z,e8e8a9de5f61b99c3112c21d7e04620774bb5b9c615ec741aa5e8f66,60.1538,24.95595,0000000038bf9618,9.92
910,2019-08-04T02:00:10Z,ecd3f6878f10e201456713c185926a3d85ae8b5eb2484b73f155ec5a,60.16531,24.9442,00000000fdda10fe,10.78
911,2019-08-04T02:00:10Z,f39586246b349fd26e26b06bfdbf9149d03895270dfe4268dd7a6848,60.1538,24.95595,0000000038bf9618,29.32
912,2019-08-04T02:00:10Z,f8273595f5e5729d41d9da6b8dd60a5b3bd34f343f1ffe267c18d619,60.16762,24.95415,000000006b44cce7,7.69
913,2019-08-04T02:00:10Z,f9399339c3de44774896319d3f291771cebcaf2666df1d6062469882,60.16531,24.9442,00000000fdda10fe,33.81
914,2019-08-04T02:00:11Z,14c7e1511b70f4dd3359cbece1377aebb4d70531f5489eefe53d7c3c,60.16544,24.95398,0000000038d83d41,23.56
915,2019-08-04T02:00:11Z,165ebbb4090d47319ae370f0d0854fdc1f6b79499f8b2e4d3c3533c0,60.16544,24.95398,0000000038d83d41,23.56
916,2019-08-04T02:00:11Z,17b28910b6cbc057680693633275c4ca53938281bc38178f96c44947,60.17002,24.94407,000000006b087f40,44.58
917,2019-08-04T02:00:11Z,297c725b456ef12d2712634b21546721cbe93224d3a5762d897404f2,60.16762,24.95415,000000006b44cce7,11.7
918,2019-08-04T02:00:11Z,3944bc7a301be7241d1f7bc4a97f221000d535ce3d8a9af9af9b23b5,60.16531,24.9442,00000000fdda10fe,36.27
919,2019-08-04T02:00:11Z,43b676ed3aef4c2d8846694817e76117873be52e7f788e0cb366c1c4,60.16629,24.95957,00000000fb7600be,29.32
920,2019-08-04T02:00:11Z,43ea43e1aaac8d6d523965f79fd32aa5e5942a98e66e9b6dbaf67f8d,60.16897,24.95222,00000000aa852af1,13.75
921,2019-08-04T02:00:11Z,43f0659ef87792b2d876153eb4b35ac5ac2db3bd5de1eb30f3303e5c,60.17002,24.94407,000000006b087f40,33.81
922,2019-08-04T02:00:11Z,5bbb5184fded3e51bc78e45e39917794285e6bbc72da404802a9599a,60.16531,24.9442,00000000fdda10fe,25.36
923,2019-08-04T02:00:11Z,5c833bdbbf1fd3a307bb37daa4021d8b3d3342b1552dcc0989fe9b16,60.16762,24.95415,000000006b44cce7,29.32
924,2019-08-04T02:00:11Z,5d65719c4cbf045f068d084b72302f447d5fd034413d97d13be00d0e,60.18203,24.91341,00000000342570c2,17.4
925,2019-08-04T02:00:11Z,6066632ddc94b5c482a2d4f45ed2532e55e3fd63e414a084a596a737,60.16762,24.95415,000000006b44cce7,16.1
926,2019-08-04T02:00:11Z,66dabd3229229330d23c70e9e1737429ddfe69db01f4a6a00f70fa20,60.16762,24.95415,000000006b44cce7,23.56
927,2019-08-04T02:00:11Z,6a70e2fbced719333e21eff04fcb9cb36bae9a04d1a3d6ddd96f2c58,60.15432,24.9211,0000000019fb59c4,21.87
928,2019-08-04T02:00:11Z,6f06341f358e61699fe1e55e986dd0554bc8da28b91daf0c5ad99db6,60.16629,24.95957,00000000fb7600be,31.5
929,2019-08-04T02:00:11Z,747f2d1ebff218c0ebbdc0fdaef4cbe56633dfb46ae1b1f8c8142201,60.16762,24.95415,000000006b44cce7,13.75
930,2019-08-04T02:00:11Z,79f136afa0dd8717337c01c70b457c464aaf0fa25b440f51a394ec23,60.16762,24.95415,000000006b44cce7,29.32
931,2019-08-04T02:00:11Z,7de75f59d3110cdf6e742fba9785ed0399f83ea50e4c5d255adb21ff,60.16897,24.95222,00000000aa852af1,21.87
932,2019-08-04T02:00:11Z,87dfaad29a9276ddddb1fa021d3bc23ad14824c1af16f7d87e713689,60.14951,24.92138,0000000006dd41f6,11.7
933,2019-08-04T02:00:11Z,883ebb40a6014a1ae0b9cf0a8ae29a2b4d5c3a1bf438947a81d890cc,60.16544,24.95398,0000000038d83d41,23.56
934,2019-08-04T02:00:11Z,89982a6acf91b79a282a6b63978e946ee205f303fcd20e944e06baf0,60.16544,24.95398,0000000038d83d41,21.87
935,2019-08-04T02:00:11Z,8c75c3289c84fe4493e1e272a77b615fe1985880c5dc68a7c1a17b53,60.16762,24.95415,000000006b44cce7,20.28
936,2019-08-04T02:00:11Z,91d3b80de4439a4a49ddb8a04d72a0a2ec6c08f351d70232842af567,60.16762,24.95415,000000006b44cce7,23.56
937,2019-08-04T02:00:11Z,96c0705b3062754c4e9afc471e280530de69c8820bac642f30d4022b,60.16762,24.95415,000000006b44cce7,23.56
938,2019-08-04T02:00:11Z,a3b4b2c08d30b2cbabe32fd49bcbb4f45f50a3f0b0e74f856bedb831,60.16762,24.95415,000000006b44cce7,11.7
939,2019-08-04T02:00:11Z,a91d379a4b57c5df22db0d7a041ff69f657b4b31f28554b1011fc03c,60.16544,24.95398,0000000038d83d41,27.28
940,2019-08-04T02:00:11Z,b33ae7715d6d2571066655c2c8954a5a364b5601869047de83410d9f,60.16629,24.95957,00000000fb7600be,20.28
941,2019-08-04T02:00:11Z,b5fd6b317890e5ab2d79e2cd1abe61626d45a753c7337d0d40728898,60.16762,24.95415,000000006b44cce7,6.46
942,2019-08-04T02:00:11Z,c40c37def6bf11a63a2556519a7c6233fd417cdeea2cf14f28e7c42c,60.16531,24.9442,00000000fdda10fe,21.87
943,2019-08-04T02:00:11Z,c578a1f266f1ac8f40756ab095d6d81719f90b3a1d4c4808f72ce963,60.14951,24.92138,0000000006dd41f6,27.28
944,2019-08-04T02:00:11Z,c9cb2b9de2b21abecad29584393bea94a97f282f234f310e2468d7a7,60.16075,24.95883,00000000f1124bca,29.32
945,2019-08-04T02:00:11Z,cf05623e4d87ce0906c0b0b7dbf53aacc1228016cd27c341228b6e76,60.18203,24.91341,00000000342570c2,17.4
946,2019-08-04T02:00:11Z,d0bb9fef9a0ef26adcdd4732c9c20361bce49826f32c2892242831b8,60.16762,24.95415,000000006b44cce7,21.87
947,2019-08-04T02:00:11Z,f088630d7476dae7d4b7e2bb1f10575f2c89acb4b6e061f3d57c2b40,60.16531,24.9442,00000000fdda10fe,29.32
948,2019-08-04T02:00:11Z,f6609ab1076b1105bb845595a03b41b8fbb282f79c337df5bbc9f841,60.14699,24.922,00000000a53ed894,16.1
949,2019-08-04T02:00:11Z,f8c416f55164b687ab9cfd75fa477720c41f36c1f8b5f48a301b70b2,60.16544,24.95398,0000000038d83d41,44.58
950,2019-08-04T02:00:11Z,fc4f3a44235f1cfc7b53f14ba2da599976a5a0a220d23b852688e485,60.17919,24.95181,000000007b5207b6,20.28
951,2019-08-04T02:00:11Z,032a59647297ad5458cd75a64c6405172cebb8eb2f33b7ab5ce92c4b,60.17918,24.95141,00000000675d5200,14.89
952,2019-08-04T02:00:11Z,0486b4520285f3ca2132b986edabb7c19dfc5708a6c163ff40ed37b9,60.16448,24.97323,0000000053c6c2be,18.79
953,2019-08-04T02:00:11Z,11acd771bb0e2f3b2f3e08a7f5e80f0f44e73a715bff0585bc669672,60.17002,24.94407,000000006b087f40,18.79
954,2019-08-04T02:00:11Z,124a6ddd121114d11fcde48234ff0b8931d0f3fba2b00efd0948255c,60.16897,24.95222,00000000aa852af1,16.1
955,2019-08-04T02:00:11Z,137a95acb1432cb5b163aa6e55df6f8d03cfd04b24a6938e6e4d659d,60.16762,24.95415,000000006b44cce7,6.46
956,2019-08-04T02:00:11Z,1780f64a77699d00e2128b929079dfa4cbc3724f901639c7ca5049f1,60.16629,24.95957,00000000fb7600be,25.36
957,2019-08-04T02:00:11Z,1dacfb371d75dd4f90f447aac2a00faad98beb4188a6971c19eb2375,60.16629,24.95957,00000000fb7600be,23.56
958,2019-08-04T02:00:11Z,2696f6a462520c8284659d993a9bf0545c2b2f278e1538f7f60dd1d3,60.17002,24.94407,000000006b087f40,12.69
959,2019-08-04T02:00:11Z,2acdcfed6579c3f9a1683b1f56e28b2b7b75403200b054e6edd09fe7,60.1538,24.95595,0000000038bf9618,27.28
960,2019-08-04T02:00:11Z,339f6a365c38070f7de8fbf2f831e126f72a0f5d109d5be30735cb7e,60.16897,24.95222,00000000aa852af1,25.36
961,2019-08-04T02:00:11Z,3887fec87dd40ed28900ea630ba55753da933476c2f9d019a0ad8d90,60.16829,24.94214,00000000afef4555,27.28
962,2019-08-04T02:00:11Z,406c8df3855d308047a12843434f2fac7dc6a2dba12c20edbdf06606,60.1538,24.95595,0000000038bf9618,8.38
963,2019-08-04T02:00:11Z,41563291ad4864bc7bc48c55bb60b489655036f1b6bc2a8e39c6bd6c,60.17918,24.95141,00000000675d5200,23.56
964,2019-08-04T02:00:11Z,45f3f37f5104c27fc21a7db518e7a7f57b68709f23f02b5efa540f7a,60.14947,24.91438,000000004ef3150d,9.12
965,2019-08-04T02:00:11Z,47de555c057bf55633de335cbcd553c3ed54cb6937bf717f3e9c2098,60.1538,24.95595,0000000038bf9618,21.87
966,2019-08-04T02:00:11Z,584cb0b0cdd14e608c8b57c8aecc9826f9b40027e365e2438a444ea2,60.16762,24.95415,000000006b44cce7,12.69
967,2019-08-04T02:00:11Z,699b48bb93c5befb62ff0686e75f158406b659f14daec16ab66d4499,60.15432,24.9211,0000000019fb59c4,20.28
968,2019-08-04T02:00:11Z,6ff48066dbbd91fad556cf8d4584f5f79f7961521855734e82e4c187,60.16762,24.95415,000000006b44cce7,4.11
969,2019-08-04T02:00:11Z,72e41e18be36571bb9da70ab3087ef307dd5f0366829c8d0457c9685,60.16829,24.94214,00000000afef4555,11.7
970,2019-08-04T02:00:11Z,7af0c77f50a36fde55c6116ce6fc95063a67a5db61e827b85739d62d,60.16762,24.95415,000000006b44cce7,17.4
971,2019-08-04T02:00:11Z,8b49994992a96e97c5f92629f1aca931941db8b36050ac6b25c3c67f,60.16897,24.95222,00000000aa852af1,18.79
972,2019-08-04T02:00:11Z,8e0dd6ed7e9b34250c0a4e47a9ea7ff2d5c834294308af3a5ddd9297,60.17002,24.94407,000000006b087f40,31.5
973,2019-08-04T02:00:11Z,908f6e55722b62d1a119a53c057da05ffa37d70f23fd89ffff5bc996,60.16531,24.9442,00000000fdda10fe,29.32
974,2019-08-04T02:00:11Z,9173442e2f747f902896659a35f9782497dbe91c8c5c8e5b2c712fba,60.16897,24.95222,00000000aa852af1,10.78
975,2019-08-04T02:00:11Z,9313086be16704612615b82b0fb0a2bac8d249cbf373b54d85a5b3f1,60.1538,24.95595,0000000038bf9618,33.81
976,2019-08-04T02:00:11Z,94fb0519469907d303095ced8eea82b15282bbaf6df970a9d4025cb2,60.17002,24.94407,000000006b087f40,18.79
977,2019-08-04T02:00:11Z,9885232e95a8b6b4437174be089c6af71b1fe0bddfea879d306b3041,60.17002,24.94407,000000006b087f40,13.75
978,2019-08-04T02:00:11Z,9aa6011401452463ec819f07785394855c0b49c418b8e19d5fc768df,60.1538,24.95595,0000000038bf9618,25.36
979,2019-08-04T02:00:11Z,9d713c9ce415e473048b45bbb35d6dcdef35cabaca39aa54f2e781a3,60.16531,24.9442,00000000fdda10fe,41.64
980,2019-08-04T02:00:11Z,a12dfe20bcda9301943010682dd87a01ab2662611ca795c4ff1fe6c6,60.16531,24.9442,00000000fdda10fe,20.28
981,2019-08-04T02:00:11Z,aa1d7752e4be44a55f5bfc8df2f6c278afe69b5b19b79702a22908f8,60.1538,24.95595,0000000038bf9618,25.36
982,2019-08-04T02:00:11Z,b6b900b0eb62ba369c75a8851299367b1ebd94fbf19ccfa3d5466248,60.1538,24.95595,0000000038bf9618,21.87
983,2019-08-04T02:00:11Z,bc07df8cc395f6f4f5d483b2233caca5f93a6918f346e4cc3702f8cc,60.16531,24.9442,00000000fdda10fe,9.12
984,2019-08-04T02:00:11Z,c0a0ca3433586ed2ae0e448f2406fabac7292ac79d49562e0bd5cef8,60.16762,24.95415,000000006b44cce7,12.69
985,2019-08-04T02:00:11Z,d00f32677e342c7dcb88c9fa30272e08ec9a4f49d8006dffbf598a03,60.16762,24.95415,000000006b44cce7,20.28
986,2019-08-04T02:00:11Z,d17bc814add0729ea537e178eab4c1fea83fe4530da86d8d54ddb046,60.16075,24.95883,00000000f1124bca,36.27
987,2019-08-04T02:00:11Z,d216c5aae815b17688c826ff70440e8ff2c5b869fb63b024792f0e53,60.16829,24.94214,00000000afef4555,27.28
988,2019-08-04T02:00:11Z,d6ad6fb5be8355cc1f877358ec4f09a2ba3df7c177e331113ef376a1,60.16829,24.94214,00000000afef4555,21.87
989,2019-08-04T02:00:11Z,e1bc48d02d172fa89085656433b35028a10ff453a3261a2634984559,60.149,24.9843,00000000fffb8cf0,14.89
990,2019-08-04T02:00:11Z,e30c8d515f787275f7e911287d598f569fcfc5092a203f4c001d0dc6,60.16762,24.95415,000000006b44cce7,23.56
991,2019-08-04T02:00:11Z,e7baeb3fa75db84982c28c08efcf29a123618b687c634aae2f7a2b1a,60.16531,24.9442,00000000fdda10fe,23.56
992,2019-08-04T02:00:11Z,e8e8a9de5f61b99c3112c21d7e04620774bb5b9c615ec741aa5e8f66,60.1538,24.95595,0000000038bf9618,18.79
993,2019-08-04T02:00:11Z,ecd3f6878f10e201456713c185926a3d85ae8b5eb2484b73f155ec5a,60.16531,24.9442,00000000fdda10fe,9.92
994,2019-08-04T02:00:11Z,ed3b2eaece7e8846b296ad5c3f195aafb7410c95a88887d845982981,60.16762,24.95415,000000006b44cce7,21.87
995,2019-08-04T02:00:11Z,f2f62de93f5e3596a61d41a7fe5f0a10b2a73b89597cc33137ff5d2f,60.16829,24.94214,00000000afef4555,18.79
996,2019-08-04T02:00:11Z,f39586246b349fd26e26b06bfdbf9149d03895270dfe4268dd7a6848,60.1538,24.95595,0000000038bf9618,27.28
997,2019-08-04T02:00:11Z,f8273595f5e5729d41d9da6b8dd60a5b3bd34f343f1ffe267c18d619,60.16762,24.95415,000000006b44cce7,9.92
998,2019-08-04T02:00:11Z,f9399339c3de44774896319d3f291771cebcaf2666df1d6062469882,60.16531,24.9442,00000000fdda10fe,44.58
999,2019-08-04T02:00:12Z,14c7e1511b70f4dd3359cbece1377aebb4d70531f5489eefe53d7c3c,60.16544,24.95398,0000000038d83d41,27.28
1000,2019-08-04T02:00:12Z,165ebbb4090d47319ae370f0d0854fdc1f6b79499f8b2e4d3c3533c0,60.16544,24.95398,0000000038d83d41,25.36
1001,2019-08-04T02:00:12Z,297c725b456ef12d2712634b21546721cbe93224d3a5762d897404f2,60.16762,24.95415,000000006b44cce7,13.75
1002,2019-08-04T02:00:12Z,3944bc7a301be7241d1f7bc4a97f221000d535ce3d8a9af9af9b23b5,60.16531,24.9442,00000000fdda10fe,29.32
1003,2019-08-04T02:00:12Z,43b676ed3aef4c2d8846694817e76117873be52e7f788e0cb366c1c4,60.16629,24.95957,00000000fb7600be,29.32
1004,2019-08-04T02:00:12Z,43ea43e1aaac8d6d523965f79fd32aa5e5942a98e66e9b6dbaf67f8d,60.16897,24.95222,00000000aa852af1,23.56
1005,2019-08-04T02:00:12Z,43f0659ef87792b2d876153eb4b35ac5ac2db3bd5de1eb30f3303e5c,60.17002,24.94407,000000006b087f40,31.5
1006,2019-08-04T02:00:12Z,5bbb5184fded3e51bc78e45e39917794285e6bbc72da404802a9599a,60.16531,24.9442,00000000fdda10fe,21.87
1007,2019-08-04T02:00:12Z,5c833bdbbf1fd3a307bb37daa4021d8b3d3342b1552dcc0989fe9b16,60.16762,24.95415,000000006b44cce7,10.78
1008,2019-08-04T02:00:12Z,5d65719c4cbf045f068d084b72302f447d5fd034413d97d13be00d0e,60.18203,24.91341,00000000342570c2,17.4
1009,2019-08-04T02:00:12Z,6066632ddc94b5c482a2d4f45ed2532e55e3fd63e414a084a596a737,60.16762,24.95415,000000006b44cce7,23.56
1010,2019-08-04T02:00:12Z,66dabd3229229330d23c70e9e1737429ddfe69db01f4a6a00f70fa20,60.16762,24.95415,000000006b44cce7,21.87
1011,2019-08-04T02:00:12Z,6a70e2fbced719333e21eff04fcb9cb36bae9a04d1a3d6ddd96f2c58,60.15432,24.9211,0000000019fb59c4,20.28
1012,2019-08-04T02:00:12Z,747f2d1ebff218c0ebbdc0fdaef4cbe56633dfb46ae1b1f8c8142201,60.16762,24.95415,000000006b44cce7,14.89
1013,2019-08-04T02:00:12Z,79f136afa0dd8717337c01c70b457c464aaf0fa25b440f51a394ec23,60.16762,24.95415,000000006b44cce7,12.69
1014,2019-08-04T02:00:12Z,7de75f59d3110cdf6e742fba9785ed0399f83ea50e4c5d255adb21ff,60.16897,24.95222,00000000aa852af1,20.28
1015,2019-08-04T02:00:12Z,87dfaad29a9276ddddb1fa021d3bc23ad14824c1af16f7d87e713689,60.14951,24.92138,0000000006dd41f6,9.12
1016,2019-08-04T02:00:12Z,8c75c3289c84fe4493e1e272a77b615fe1985880c5dc68a7c1a17b53,60.16762,24.95415,000000006b44cce7,13.75
1017,2019-08-04T02:00:12Z,91d3b80de4439a4a49ddb8a04d72a0a2ec6c08f351d70232842af567,60.16762,24.95415,000000006b44cce7,23.56
1018,2019-08-04T02:00:12Z,96c0705b3062754c4e9afc471e280530de69c8820bac642f30d4022b,60.16762,24.95415,000000006b44cce7,20.28
1019,2019-08-04T02:00:12Z,a0972d97514e29907d2ba46aa19e778b1b09a7e4eda4cf9e59e50cf7,60.14947,24.91438,000000004ef3150d,47.69
1020,2019-08-04T02:00:12Z,a3a21ef15e1883941a7ed2eb6150357ae068aa4b0b6ce6ca0482ea3a,60.1538,24.95595,0000000038bf9618,38.87
1021,2019-08-04T02:00:12Z,a3b4b2c08d30b2cbabe32fd49bcbb4f45f50a3f0b0e74f856bedb831,60.16762,24.95415,000000006b44cce7,17.4
1022,2019-08-04T02:00:12Z,b33ae7715d6d2571066655c2c8954a5a364b5601869047de83410d9f,60.16629,24.95957,00000000fb7600be,21.87
1023,2019-08-04T02:00:12Z,b5fd6b317890e5ab2d79e2cd1abe61626d45a753c7337d0d40728898,60.16762,24.95415,000000006b44cce7,9.12
1024,2019-08-04T02:00:12Z,c40c37def6bf11a63a2556519a7c6233fd417cdeea2cf14f28e7c42c,60.16531,24.9442,00000000fdda10fe,23.56
1025,2019-08-04T02:00:12Z,c9cb2b9de2b21abecad29584393bea94a97f282f234f310e2468d7a7,60.16075,24.95883,00000000f1124bca,23.56
1026,2019-08-04T02:00:12Z,ce197d5eedb5498917afe7ca3f7275ffeb191f0c5d050bffa154c1d2,60.16531,24.9442,00000000fdda10fe,33.81
1027,2019-08-04T02:00:12Z,cf05623e4d87ce0906c0b0b7dbf53aacc1228016cd27c341228b6e76,60.18203,24.91341,00000000342570c2,18.79
1028,2019-08-04T02:00:12Z,d0bb9fef9a0ef26adcdd4732c9c20361bce49826f32c2892242831b8,60.16762,24.95415,000000006b44cce7,29.32
1029,2019-08-04T02:00:12Z,f088630d7476dae7d4b7e2bb1f10575f2c89acb4b6e061f3d57c2b40,60.16531,24.9442,00000000fdda10fe,23.56
1030,2019-08-04T02:00:12Z,f31f5bdb4a4c81da52b05c2e91ed700307625920f573cdcf68c91d19,60.16897,24.95222,00000000aa852af1,33.81
1031,2019-08-04T02:00:12Z,f6609ab1076b1105bb845595a03b41b8fbb282f79c337df5bbc9f841,60.14699,24.922,00000000a53ed894,11.7
1032,2019-08-04T02:00:12Z,fc4f3a44235f1cfc7b53f14ba2da599976a5a0a220d23b852688e485,60.17918,24.95141,00000000675d5200,27.28
1033,2019-08-04T02:00:12Z,ff27e3a9af8f0e98635eb22fa40f53c8ba8452eb24bf16bc715508ea,60.16762,24.95415,000000006b44cce7,29.32
1034,2019-08-04T02:00:12Z,032a59647297ad5458cd75a64c6405172cebb8eb2f33b7ab5ce92c4b,60.17918,24.95141,00000000675d5200,13.75
1035,2019-08-04T02:00:12Z,046d88221ec15b64bcac02c9056c3cdd39e2ce29bc8cde90aa2d7ed9,60.16897,24.95222,00000000aa852af1,20.28
1036,2019-08-04T02:00:12Z,11acd771bb0e2f3b2f3e08a7f5e80f0f44e73a715bff0585bc669672,60.17002,24.94407,000000006b087f40,23.56
1037,2019-08-04T02:00:12Z,137a95acb1432cb5b163aa6e55df6f8d03cfd04b24a6938e6e4d659d,60.16762,24.95415,000000006b44cce7,8.38
1038,2019-08-04T02:00:12Z,1780f64a77699d00e2128b929079dfa4cbc3724f901639c7ca5049f1,60.16629,24.95957,00000000fb7600be,16.1
1039,2019-08-04T02:00:12Z,2acdcfed6579c3f9a1683b1f56e28b2b7b75403200b054e6edd09fe7,60.1538,24.95595,0000000038bf9618,29.32
1040,2019-08-04T02:00:12Z,30fa308b62f0b2690eb8de9a8dcd711bb02917322258ed95a7c50362,60.17002,24.94407,000000006b087f40,23.56
1041,2019-08-04T02:00:12Z,339f6a365c38070f7de8fbf2f831e126f72a0f5d109d5be30735cb7e,60.16897,24.95222,00000000aa852af1,14.89
1042,2019-08-04T02:00:12Z,3887fec87dd40ed28900ea630ba55753da933476c2f9d019a0ad8d90,60.16829,24.94214,00000000afef4555,25.36
1043,2019-08-04T02:00:12Z,41563291ad4864bc7bc48c55bb60b489655036f1b6bc2a8e39c6bd6c,60.17918,24.95141,00000000675d5200,7.05
1044,2019-08-04T02:00:12Z,45f3f37f5104c27fc21a7db518e7a7f57b68709f23f02b5efa540f7a,60.14947,24.91438,000000004ef3150d,9.92
1045,2019-08-04T02:00:12Z,47de555c057bf55633de335cbcd553c3ed54cb6937bf717f3e9c2098,60.1538,24.95595,0000000038bf9618,23.56
1046,2019-08-04T02:00:12Z,584cb0b0cdd14e608c8b57c8aecc9826f9b40027e365e2438a444ea2,60.16762,24.95415,000000006b44cce7,13.75
1047,2019-08-04T02:00:12Z,5a089a2b4bb3f5a34f57f2dcafd1462570fa59744c22e9b00735e8c6,60.1538,24.95595,0000000038bf9618,25.36
1048,2019-08-04T02:00:12Z,6ff48066dbbd91fad556cf8d4584f5f79f7961521855734e82e4c187,60.16762,24.95415,000000006b44cce7,8.38
1049,2019-08-04T02:00:12Z,70cc7b0a8e166380ca0fbc55a58d9a59c9de9f05a9f95ebb82482d5a,60.16762,24.95415,000000006b44cce7,11.7
1050,2019-08-04T02:00:12Z,72e41e18be36571bb9da70ab3087ef307dd5f0366829c8d0457c9685,60.16829,24.94214,00000000afef4555,9.92
1051,2019-08-04T02:00:12Z,74cb545f76f0bfc5498607247e26e814276a11ce91f77208054ecbc5,60.17002,24.94407,000000006b087f40,18.79
1052,2019-08-04T02:00:12Z,7af0c77f50a36fde55c6116ce6fc95063a67a5db61e827b85739d62d,60.16762,24.95415,000000006b44cce7,16.1
1053,2019-08-04T02:00:12Z,7b91d732042030189a304f65807ba95cf9e2445e16fd7666747e7e56,60.1538,24.95595,0000000038bf9618,33.81
1054,2019-08-04T02:00:12Z,7bafc9b6f74b521018b3c6eb85088f47050dae502879caa96dcb94a6,60.1538,24.95595,0000000038bf9618,27.28
1055,2019-08-04T02:00:12Z,8416e0178828e17fc5c21b578ba67bd99c26bdf132fc72570dbd8693,60.16448,24.97323,0000000053c6c2be,25.36
1056,2019-08-04T02:00:12Z,8b49994992a96e97c5f92629f1aca931941db8b36050ac6b25c3c67f,60.16897,24.95222,00000000aa852af1,16.1
1057,2019-08-04T02:00:12Z,908f6e55722b62d1a119a53c057da05ffa37d70f23fd89ffff5bc996,60.16531,24.9442,00000000fdda10fe,29.32
1058,2019-08-04T02:00:12Z,9173442e2f747f902896659a35f9782497dbe91c8c5c8e5b2c712fba,60.16897,24.95222,00000000aa852af1,21.87
1059,2019-08-04T02:00:12Z,9313086be16704612615b82b0fb0a2bac8d249cbf373b54d85a5b3f1,60.1538,24.95595,0000000038bf9618,29.32
1060,2019-08-04T02:00:12Z,94fb0519469907d303095ced8eea82b15282bbaf6df970a9d4025cb2,60.17002,24.94407,000000006b087f40,17.4
1061,2019-08-04T02:00:12Z,9885232e95a8b6b4437174be089c6af71b1fe0bddfea879d306b3041,60.17002,24.94407,000000006b087f40,17.4
1062,2019-08-04T02:00:12Z,9aa6011401452463ec819f07785394855c0b49c418b8e19d5fc768df,60.1538,24.95595,0000000038bf9618,31.5
1063,2019-08-04T02:00:12Z,a12dfe20bcda9301943010682dd87a01ab2662611ca795c4ff1fe6c6,60.16531,24.9442,00000000fdda10fe,29.32
1064,2019-08-04T02:00:12Z,a6ef5803703844038809924894eda35e25c165a826ee9c3f14bc41d7,60.17918,24.95141,00000000675d5200,10.78
1065,2019-08-04T02:00:12Z,aa1d7752e4be44a55f5bfc8df2f6c278afe69b5b19b79702a22908f8,60.1538,24.95595,0000000038bf9618,23.56
1066,2019-08-04T02:00:12Z,b38900c896751899e1c20c791610870bbbde7839746846d07481e0c7,60.16829,24.94214,00000000afef4555,23.56
1067,2019-08-04T02:00:12Z,b506a9cd3cec63a7d46738cf85aca5e1af318642251763063cd376d8,60.16762,24.95415,000000006b44cce7,17.4
1068,2019-08-04T02:00:12Z,b6b900b0eb62ba369c75a8851299367b1ebd94fbf19ccfa3d5466248,60.1538,24.95595,0000000038bf9618,17.4
1069,2019-08-04T02:00:12Z,bc07df8cc395f6f4f5d483b2233caca5f93a6918f346e4cc3702f8cc,60.16531,24.9442,00000000fdda10fe,9.92
1070,2019-08-04T02:00:12Z,c0a0ca3433586ed2ae0e448f2406fabac7292ac79d49562e0bd5cef8,60.16762,24.95415,000000006b44cce7,13.75
1071,2019-08-04T02:00:12Z,d00f32677e342c7dcb88c9fa30272e08ec9a4f49d8006dffbf598a03,60.16762,24.95415,000000006b44cce7,21.87
1072,2019-08-04T02:00:12Z,d6ad6fb5be8355cc1f877358ec4f09a2ba3df7c177e331113ef376a1,60.16829,24.94214,00000000afef4555,21.87
1073,2019-08-04T02:00:12Z,e1bc48d02d172fa89085656433b35028a10ff453a3261a2634984559,60.149,24.9843,00000000fffb8cf0,27.28
1074,2019-08-04T02:00:12Z,e5b564cf327f7db10f48bff6a13bbcb59e968da0f12c91756dfdfc09,60.16762,24.95415,000000006b44cce7,20.28
1075,2019-08-04T02:00:12Z,e66dee158121004b2a8098c673bc0d10944147d07f5f738cb9dd32be,60.16829,24.94214,00000000afef4555,23.56
1076,2019-08-04T02:00:12Z,e8e8a9de5f61b99c3112c21d7e04620774bb5b9c615ec741aa5e8f66,60.1538,24.95595,0000000038bf9618,7.05
1077,2019-08-04T02:00:12Z,ecd3f6878f10e201456713c185926a3d85ae8b5eb2484b73f155ec5a,60.16531,24.9442,00000000fdda10fe,9.92
1078,2019-08-04T02:00:12Z,f2f62de93f5e3596a61d41a7fe5f0a10b2a73b89597cc33137ff5d2f,60.16829,24.94214,00000000afef4555,17.4
1079,2019-08-04T02:00:12Z,f39586246b349fd26e26b06bfdbf9149d03895270dfe4268dd7a6848,60.1538,24.95595,0000000038bf9618,17.4
1080,2019-08-04T02:00:12Z,f8273595f5e5729d41d9da6b8dd60a5b3bd34f343f1ffe267c18d619,60.16762,24.95415,000000006b44cce7,8.38
1081,2019-08-04T02:00:12Z,f9399339c3de44774896319d3f291771cebcaf2666df1d6062469882,60.16531,24.9442,00000000fdda10fe,36.27
1082,2019-08-04T02:00:12Z,f9e28a5bfffbfa5e1f903d0e09d25b9b1f72e0e7217cb6c8ffef7d50,60.16829,24.94214,00000000afef4555,23.56
1083,2019-08-04T02:00:13Z,14c7e1511b70f4dd3359cbece1377aebb4d70531f5489eefe53d7c3c,60.16544,24.95398,0000000038d83d41,23.56
1084,2019-08-04T02:00:13Z,165ebbb4090d47319ae370f0d0854fdc1f6b79499f8b2e4d3c3533c0,60.16544,24.95398,0000000038d83d41,29.32
1085,2019-08-04T02:00:13Z,297c725b456ef12d2712634b21546721cbe93224d3a5762d897404f2,60.16762,24.95415,000000006b44cce7,9.92
1086,2019-08-04T02:00:13Z,3944bc7a301be7241d1f7bc4a97f221000d535ce3d8a9af9af9b23b5,60.16531,24.9442,00000000fdda10fe,25.36
1087,2019-08-04T02:00:13Z,43b676ed3aef4c2d8846694817e76117873be52e7f788e0cb366c1c4,60.16629,24.95957,00000000fb7600be,25.36
1088,2019-08-04T02:00:13Z,43ea43e1aaac8d6d523965f79fd32aa5e5942a98e66e9b6dbaf67f8d,60.16897,24.95222,00000000aa852af1,16.1
1089,2019-08-04T02:00:13Z,5c833bdbbf1fd3a307bb37daa4021d8b3d3342b1552dcc0989fe9b16,60.16762,24.95415,000000006b44cce7,9.92
1090,2019-08-04T02:00:13Z,5d65719c4cbf045f068d084b72302f447d5fd034413d97d13be00d0e,60.18203,24.91341,00000000342570c2,16.1
1091,2019-08-04T02:00:13Z,6066632ddc94b5c482a2d4f45ed2532e55e3fd63e414a084a596a737,60.16762,24.95415,000000006b44cce7,17.4
1092,2019-08-04T02:00:13Z,66dabd3229229330d23c70e9e1737429ddfe69db01f4a6a00f70fa20,60.16762,24.95415,000000006b44cce7,14.89
1093,2019-08-04T02:00:13Z,6a70e2fbced719333e21eff04fcb9cb36bae9a04d1a3d6ddd96f2c58,60.15432,24.9211,0000000019fb59c4,18.79
1094,2019-08-04T02:00:13Z,6f06341f358e61699fe1e55e986dd0554bc8da28b91daf0c5ad99db6,60.16629,24.95957,00000000fb7600be,25.36
1095,2019-08-04T02:00:13Z,747f2d1ebff218c0ebbdc0fdaef4cbe56633dfb46ae1b1f8c8142201,60.16762,24.95415,000000006b44cce7,12.69
1096,2019-08-04T02:00:13Z,79f136afa0dd8717337c01c70b457c464aaf0fa25b440f51a394ec23,60.16762,24.95415,000000006b44cce7,31.5
1097,2019-08-04T02:00:13Z,7de75f59d3110cdf6e742fba9785ed0399f83ea50e4c5d255adb21ff,60.16897,24.95222,00000000aa852af1,18.79
1098,2019-08-04T02:00:13Z,87dfaad29a9276ddddb1fa021d3bc23ad14824c1af16f7d87e713689,60.14951,24.92138,0000000006dd41f6,9.12
1099,2019-08-04T02:00:13Z,89982a6acf91b79a282a6b63978e946ee205f303fcd20e944e06baf0,60.16544,24.95398,0000000038d83d41,20.28
1100,2019-08-04T02:00:13Z,8c75c3289c84fe4493e1e272a77b615fe1985880c5dc68a7c1a17b53,60.16762,24.95415,000000006b44cce7,11.7
1101,2019-08-04T02:00:13Z,9041c42fbb1cf987ee209454d6f5fab418a20e06fd7625460be30fa6,60.16531,24.9442,00000000fdda10fe,33.81
1102,2019-08-04T02:00:13Z,91d3b80de4439a4a49ddb8a04d72a0a2ec6c08f351d70232842af567,60.16762,24.95415,000000006b44cce7,23.56
1103,2019-08-04T02:00:13Z,96c0705b3062754c4e9afc471e280530de69c8820bac642f30d4022b,60.16762,24.95415,000000006b44cce7,21.87
1104,2019-08-04T02:00:13Z,a28ab699dc505d3a0c490fae63a8ebb958574e13f1f64250d91db769,60.16762,24.95415,000000006b44cce7,27.28
1105,2019-08-04T02:00:13Z,a3a21ef15e1883941a7ed2eb6150357ae068aa4b0b6ce6ca0482ea3a,60.1538,24.95595,0000000038bf9618,36.27
1106,2019-08-04T02:00:13Z,a3b4b2c08d30b2cbabe32fd49bcbb4f45f50a3f0b0e74f856bedb831,60.16762,24.95415,000000006b44cce7,20.28
1107,2019-08-04T02:00:13Z,a91d379a4b57c5df22db0d7a041ff69f657b4b31f28554b1011fc03c,60.16544,24.95398,0000000038d83d41,27.28
1108,2019-08-04T02:00:13Z,b5fd6b317890e5ab2d79e2cd1abe61626d45a753c7337d0d40728898,60.16762,24.95415,000000006b44cce7,7.69
1109,2019-08-04T02:00:13Z,c578a1f266f1ac8f40756ab095d6d81719f90b3a1d4c4808f72ce963,60.14951,24.92138,0000000006dd41f6,29.32
1110,2019-08-04T02:00:13Z,c9cb2b9de2b21abecad29584393bea94a97f282f234f310e2468d7a7,60.16075,24.95883,00000000f1124bca,25.36
1111,2019-08-04T02:00:13Z,ce197d5eedb5498917afe7ca3f7275ffeb191f0c5d050bffa154c1d2,60.16531,24.9442,00000000fdda10fe,31.5
1112,2019-08-04T02:00:13Z,cf05623e4d87ce0906c0b0b7dbf53aacc1228016cd27c341228b6e76,60.18203,24.91341,00000000342570c2,21.87
1113,2019-08-04T02:00:13Z,f088630d7476dae7d4b7e2bb1f10575f2c89acb4b6e061f3d57c2b40,60.16531,24.9442,00000000fdda10fe,25.36
1114,2019-08-04T02:00:13Z,f31f5bdb4a4c81da52b05c2e91ed700307625920f573cdcf68c91d19,60.16897,24.95222,00000000aa852af1,41.64
1115,2019-08-04T02:00:13Z,f6609ab1076b1105bb845595a03b41b8fbb282f79c337df5bbc9f841,60.14699,24.922,00000000a53ed894,14.89
1116,2019-08-04T02:00:13Z,fc4f3a44235f1cfc7b53f14ba2da599976a5a0a220d23b852688e485,60.17919,24.95181,000000007b5207b6,18.79
1117,2019-08-04T02:00:13Z,032a59647297ad5458cd75a64c6405172cebb8eb2f33b7ab5ce92c4b,60.17918,24.95141,00000000675d5200,36.27
1118,2019-08-04T02:00:13Z,11acd771bb0e2f3b2f3e08a7f5e80f0f44e73a715bff0585bc669672,60.17002,24.94407,000000006b087f40,16.1
1119,2019-08-04T02:00:13Z,137a95acb1432cb5b163aa6e55df6f8d03cfd04b24a6938e6e4d659d,60.16762,24.95415,000000006b44cce7,9.12
1120,2019-08-04T02:00:13Z,1780f64a77699d00e2128b929079dfa4cbc3724f901639c7ca5049f1,60.16629,24.95957,00000000fb7600be,16.1
1121,2019-08-04T02:00:13Z,1dacfb371d75dd4f90f447aac2a00faad98beb4188a6971c19eb2375,60.16629,24.95957,00000000fb7600be,23.56
1122,2019-08-04T02:00:13Z,26166cf5b9b16d54fc1561e096e46512a7b60243de6b9acdf28d33b1,60.16829,24.94214,00000000afef4555,21.87
1123,2019-08-04T02:00:13Z,2696f6a462520c8284659d993a9bf0545c2b2f278e1538f7f60dd1d3,60.17002,24.94407,000000006b087f40,11.7
1124,2019-08-04T02:00:13Z,2acdcfed6579c3f9a1683b1f56e28b2b7b75403200b054e6edd09fe7,60.1538,24.95595,0000000038bf9618,31.5
1125,2019-08-04T02:00:13Z,339f6a365c38070f7de8fbf2f831e126f72a0f5d109d5be30735cb7e,60.16897,24.95222,00000000aa852af1,13.75
1126,2019-08-04T02:00:13Z,3846b2c6d16e1148505ccccee3bd759ac2f11b875ed06eb3e03b51f1,60.17002,24.94407,000000006b087f40,38.87
1127,2019-08-04T02:00:13Z,3887fec87dd40ed28900ea630ba55753da933476c2f9d019a0ad8d90,60.16829,24.94214,00000000afef4555,21.87
1128,2019-08-04T02:00:13Z,406c8df3855d308047a12843434f2fac7dc6a2dba12c20edbdf06606,60.1538,24.95595,0000000038bf9618,5.41
1129,2019-08-04T02:00:13Z,45f3f37f5104c27fc21a7db518e7a7f57b68709f23f02b5efa540f7a,60.14947,24.91438,000000004ef3150d,9.12
1130,2019-08-04T02:00:13Z,4933441a869df1350df5f0d62d5eb729a3e16345489767c9e3c7b25d,60.16829,24.94214,00000000afef4555,25.36
1131,2019-08-04T02:00:13Z,584cb0b0cdd14e608c8b57c8aecc9826f9b40027e365e2438a444ea2,60.16762,24.95415,000000006b44cce7,12.69
1132,2019-08-04T02:00:13Z,6ff48066dbbd91fad556cf8d4584f5f79f7961521855734e82e4c187,60.16762,24.95415,000000006b44cce7,7.69
1133,2019-08-04T02:00:13Z,72e41e18be36571bb9da70ab3087ef307dd5f0366829c8d0457c9685,60.16829,24.94214,00000000afef4555,9.12
1134,2019-08-04T02:00:13Z,766fa923652ba92f13ab23349bce568d0b33dbf0ccdf7606e5e633ec,60.16531,24.9442,00000000fdda10fe,20.28
1135,2019-08-04T02:00:13Z,7af0c77f50a36fde55c6116ce6fc95063a67a5db61e827b85739d62d,60.16762,24.95415,000000006b44cce7,12.69
1136,2019-08-04T02:00:13Z,7bafc9b6f74b521018b3c6eb85088f47050dae502879caa96dcb94a6,60.1538,24.95595,0000000038bf9618,13.75
1137,2019-08-04T02:00:13Z,8b49994992a96e97c5f92629f1aca931941db8b36050ac6b25c3c67f,60.16897,24.95222,00000000aa852af1,21.87
1138,2019-08-04T02:00:13Z,9173442e2f747f902896659a35f9782497dbe91c8c5c8e5b2c712fba,60.16897,24.95222,00000000aa852af1,20.28
1139,2019-08-04T02:00:13Z,9885232e95a8b6b4437174be089c6af71b1fe0bddfea879d306b3041,60.17002,24.94407,000000006b087f40,25.36
1140,2019-08-04T02:00:13Z,9aa6011401452463ec819f07785394855c0b49c418b8e19d5fc768df,60.1538,24.95595,0000000038bf9618,25.36
1141,2019-08-04T02:00:13Z,a12dfe20bcda9301943010682dd87a01ab2662611ca795c4ff1fe6c6,60.16531,24.9442,00000000fdda10fe,36.27
1142,2019-08-04T02:00:13Z,a6ef5803703844038809924894eda35e25c165a826ee9c3f14bc41d7,60.17918,24.95141,00000000675d5200,7.69
1143,2019-08-04T02:00:13Z,b38900c896751899e1c20c791610870bbbde7839746846d07481e0c7,60.16829,24.94214,00000000afef4555,20.28
1144,2019-08-04T02:00:13Z,b506a9cd3cec63a7d46738cf85aca5e1af318642251763063cd376d8,60.16762,24.95415,000000006b44cce7,16.1
1145,2019-08-04T02:00:13Z,b6b900b0eb62ba369c75a8851299367b1ebd94fbf19ccfa3d5466248,60.1538,24.95595,0000000038bf9618,27.28
1146,2019-08-04T02:00:13Z,bc07df8cc395f6f4f5d483b2233caca5f93a6918f346e4cc3702f8cc,60.16531,24.9442,00000000fdda10fe,11.7
1147,2019-08-04T02:00:13Z,c0a0ca3433586ed2ae0e448f2406fabac7292ac79d49562e0bd5cef8,60.16762,24.95415,000000006b44cce7,12.69
1148,2019-08-04T02:00:13Z,d00f32677e342c7dcb88c9fa30272e08ec9a4f49d8006dffbf598a03,60.16762,24.95415,000000006b44cce7,21.87
1149,2019-08-04T02:00:13Z,d6ad6fb5be8355cc1f877358ec4f09a2ba3df7c177e331113ef376a1,60.16829,24.94214,00000000afef4555,25.36
1150,2019-08-04T02:00:13Z,e1bc48d02d172fa89085656433b35028a10ff453a3261a2634984559,60.149,24.9843,00000000fffb8cf0,16.1
1151,2019-08-04T02:00:13Z,e5b564cf327f7db10f48bff6a13bbcb59e968da0f12c91756dfdfc09,60.16762,24.95415,000000006b44cce7,27.28
1152,2019-08-04T02:00:13Z,e66dee158121004b2a8098c673bc0d10944147d07f5f738cb9dd32be,60.16829,24.94214,00000000afef4555,18.79
1153,2019-08-04T02:00:13Z,e8e8a9de5f61b99c3112c21d7e04620774bb5b9c615ec741aa5e8f66,60.1538,24.95595,0000000038bf9618,13.75
1154,2019-08-04T02:00:13Z,ecd3f6878f10e201456713c185926a3d85ae8b5eb2484b73f155ec5a,60.16531,24.9442,00000000fdda10fe,9.12
1155,2019-08-04T02:00:13Z,f2f62de93f5e3596a61d41a7fe5f0a10b2a73b89597cc33137ff5d2f,60.16829,24.94214,00000000afef4555,13.75
1156,2019-08-04T02:00:13Z,f39586246b349fd26e26b06bfdbf9149d03895270dfe4268dd7a6848,60.1538,24.95595,0000000038bf9618,16.1
1157,2019-08-04T02:00:13Z,f8273595f5e5729d41d9da6b8dd60a5b3bd34f343f1ffe267c18d619,60.16762,24.95415,000000006b44cce7,9.92
1158,2019-08-04T02:00:13Z,f9399339c3de44774896319d3f291771cebcaf2666df1d6062469882,60.16531,24.9442,00000000fdda10fe,31.5
1159,2019-08-04T02:00:13Z,f9e28a5bfffbfa5e1f903d0e09d25b9b1f72e0e7217cb6c8ffef7d50,60.16829,24.94214,00000000afef4555,13.75
1160,2019-08-04T02:00:14Z,14c7e1511b70f4dd3359cbece1377aebb4d70531f5489eefe53d7c3c,60.16544,24.95398,0000000038d83d41,27.28
1161,2019-08-04T02:00:14Z,165ebbb4090d47319ae370f0d0854fdc1f6b79499f8b2e4d3c3533c0,60.16544,24.95398,0000000038d83d41,21.87
1162,2019-08-04T02:00:14Z,297c725b456ef12d2712634b21546721cbe93224d3a5762d897404f2,60.16762,24.95415,000000006b44cce7,11.7
1163,2019-08-04T02:00:14Z,3944bc7a301be7241d1f7bc4a97f221000d535ce3d8a9af9af9b23b5,60.16531,24.9442,00000000fdda10fe,27.28
1164,2019-08-04T02:00:14Z,43b676ed3aef4c2d8846694817e76117873be52e7f788e0cb366c1c4,60.16629,24.95957,00000000fb7600be,25.36
1165,2019-08-04T02:00:14Z,43ea43e1aaac8d6d523965f79fd32aa5e5942a98e66e9b6dbaf67f8d,60.16897,24.95222,00000000aa852af1,23.56
1166,2019-08-04T02:00:14Z,5bbb5184fded3e51bc78e45e39917794285e6bbc72da404802a9599a,60.16531,24.9442,00000000fdda10fe,44.58
1167,2019-08-04T02:00:14Z,5c833bdbbf1fd3a307bb37daa4021d8b3d3342b1552dcc0989fe9b16,60.16762,24.95415,000000006b44cce7,11.7
1168,2019-08-04T02:00:14Z,5d65719c4cbf045f068d084b72302f447d5fd034413d97d13be00d0e,60.18203,24.91341,00000000342570c2,17.4
1169,2019-08-04T02:00:14Z,66dabd3229229330d23c70e9e1737429ddfe69db01f4a6a00f70fa20,60.16762,24.95415,000000006b44cce7,21.87
1170,2019-08-04T02:00:14Z,6a70e2fbced719333e21eff04fcb9cb36bae9a04d1a3d6ddd96f2c58,60.15432,24.9211,0000000019fb59c4,18.79
1171,2019-08-04T02:00:14Z,6f06341f358e61699fe1e55e986dd0554bc8da28b91daf0c5ad99db6,60.16629,24.95957,00000000fb7600be,23.56
1172,2019-08-04T02:00:14Z,747f2d1ebff218c0ebbdc0fdaef4cbe56633dfb46ae1b1f8c8142201,60.16762,24.95415,000000006b44cce7,14.89
1173,2019-08-04T02:00:14Z,79f136afa0dd8717337c01c70b457c464aaf0fa25b440f51a394ec23,60.16762,24.95415,000000006b44cce7,13.75
1174,2019-08-04T02:00:14Z,7de75f59d3110cdf6e742fba9785ed0399f83ea50e4c5d255adb21ff,60.16897,24.95222,00000000aa852af1,20.28
1175,2019-08-04T02:00:14Z,87dfaad29a9276ddddb1fa021d3bc23ad14824c1af16f7d87e713689,60.14951,24.92138,0000000006dd41f6,11.7
1176,2019-08-04T02:00:14Z,89982a6acf91b79a282a6b63978e946ee205f303fcd20e944e06baf0,60.16544,24.95398,0000000038d83d41,17.4
1177,2019-08-04T02:00:14Z,8c75c3289c84fe4493e1e272a77b615fe1985880c5dc68a7c1a17b53,60.16762,24.95415,000000006b44cce7,12.69
1178,2019-08-04T02:00:14Z,9041c42fbb1cf987ee209454d6f5fab418a20e06fd7625460be30fa6,60.16531,24.9442,00000000fdda10fe,33.81
1179,2019-08-04T02:00:14Z,91d3b80de4439a4a49ddb8a04d72a0a2ec6c08f351d70232842af567,60.16762,24.95415,000000006b44cce7,25.36
1180,2019-08-04T02:00:14Z,96c0705b3062754c4e9afc471e280530de69c8820bac642f30d4022b,60.16762,24.95415,000000006b44cce7,23.56
1181,2019-08-04T02:00:14Z,a3b4b2c08d30b2cbabe32fd49bcbb4f45f50a3f0b0e74f856bedb831,60.16762,24.95415,000000006b44cce7,18.79
1182,2019-08-04T02:00:14Z,a91d379a4b57c5df22db0d7a041ff69f657b4b31f28554b1011fc03c,60.16544,24.95398,0000000038d83d41,29.32
1183,2019-08-04T02:00:14Z,b5fd6b317890e5ab2d79e2cd1abe61626d45a753c7337d0d40728898,60.16762,24.95415,000000006b44cce7,9.92
1184,2019-08-04T02:00:14Z,c40c37def6bf11a63a2556519a7c6233fd417cdeea2cf14f28e7c42c,60.16531,24.9442,00000000fdda10fe,20.28
1185,2019-08-04T02:00:14Z,c9cb2b9de2b21abecad29584393bea94a97f282f234f310e2468d7a7,60.16075,24.95883,00000000f1124bca,27.28
1186,2019-08-04T02:00:14Z,cf05623e4d87ce0906c0b0b7dbf53aacc1228016cd27c341228b6e76,60.18203,24.91341,00000000342570c2,16.1
1187,2019-08-04T02:00:14Z,d0bb9fef9a0ef26adcdd4732c9c20361bce49826f32c2892242831b8,60.16762,24.95415,000000006b44cce7,44.58
1188,2019-08-04T02:00:14Z,f088630d7476dae7d4b7e2bb1f10575f2c89acb4b6e061f3d57c2b40,60.16531,24.9442,00000000fdda10fe,21.87
1189,2019-08-04T02:00:14Z,f31f5bdb4a4c81da52b05c2e91ed700307625920f573cdcf68c91d19,60.16897,24.95222,00000000aa852af1,44.58
1190,2019-08-04T02:00:14Z,f6609ab1076b1105bb845595a03b41b8fbb282f79c337df5bbc9f841,60.14699,24.922,00000000a53ed894,17.4
1191,2019-08-04T02:00:14Z,fc4f3a44235f1cfc7b53f14ba2da599976a5a0a220d23b852688e485,60.17918,24.95141,00000000675d5200,29.32
1192,2019-08-04T02:00:14Z,032a59647297ad5458cd75a64c6405172cebb8eb2f33b7ab5ce92c4b,60.17918,24.95141,00000000675d5200,14.89
1193,2019-08-04T02:00:14Z,11acd771bb0e2f3b2f3e08a7f5e80f0f44e73a715bff0585bc669672,60.17002,24.94407,000000006b087f40,11.7
1194,2019-08-04T02:00:14Z,124a6ddd121114d11fcde48234ff0b8931d0f3fba2b00efd0948255c,60.16897,24.95222,00000000aa852af1,13.75
1195,2019-08-04T02:00:14Z,137a95acb1432cb5b163aa6e55df6f8d03cfd04b24a6938e6e4d659d,60.16762,24.95415,000000006b44cce7,9.92
1196,2019-08-04T02:00:14Z,1780f64a77699d00e2128b929079dfa4cbc3724f901639c7ca5049f1,60.16629,24.95957,00000000fb7600be,13.75
1197,2019-08-04T02:00:14Z,2696f6a462520c8284659d993a9bf0545c2b2f278e1538f7f60dd1d3,60.17002,24.94407,000000006b087f40,11.7
1198,2019-08-04T02:00:14Z,339f6a365c38070f7de8fbf2f831e126f72a0f5d109d5be30735cb7e,60.16897,24.95222,00000000aa852af1,18.79
1199,2019-08-04T02:00:14Z,45f3f37f5104c27fc21a7db518e7a7f57b68709f23f02b5efa540f7a,60.14947,24.91438,000000004ef3150d,13.75
1200,2019-08-04T02:00:14Z,584cb0b0cdd14e608c8b57c8aecc9826f9b40027e365e2438a444ea2,60.16762,24.95415,000000006b44cce7,18.79
1201,2019-08-04T02:00:14Z,5a089a2b4bb3f5a34f57f2dcafd1462570fa59744c22e9b00735e8c6,60.1538,24.95595,0000000038bf9618,38.87
1202,2019-08-04T02:00:14Z,66e7412496e5ad9efd31af7a7f1a88e1fdcd371a60adfe516dd71704,60.16829,24.94214,00000000afef4555,29.32
1203,2019-08-04T02:00:14Z,6ff48066dbbd91fad556cf8d4584f5f79f7961521855734e82e4c187,60.16762,24.95415,000000006b44cce7,4.5
1204,2019-08-04T02:00:14Z,70cc7b0a8e166380ca0fbc55a58d9a59c9de9f05a9f95ebb82482d5a,60.16762,24.95415,000000006b44cce7,11.7
1205,2019-08-04T02:00:14Z,72e41e18be36571bb9da70ab3087ef307dd5f0366829c8d0457c9685,60.16829,24.94214,00000000afef4555,11.7
1206,2019-08-04T02:00:14Z,766fa923652ba92f13ab23349bce568d0b33dbf0ccdf7606e5e633ec,60.16531,24.9442,00000000fdda10fe,31.5
1207,2019-08-04T02:00:14Z,7b91d732042030189a304f65807ba95cf9e2445e16fd7666747e7e56,60.1538,24.95595,0000000038bf9618,31.5
1208,2019-08-04T02:00:14Z,7bafc9b6f74b521018b3c6eb85088f47050dae502879caa96dcb94a6,60.1538,24.95595,0000000038bf9618,21.87
1209,2019-08-04T02:00:14Z,8b49994992a96e97c5f92629f1aca931941db8b36050ac6b25c3c67f,60.16897,24.95222,00000000aa852af1,17.4
1210,2019-08-04T02:00:14Z,9173442e2f747f902896659a35f9782497dbe91c8c5c8e5b2c712fba,60.16897,24.95222,00000000aa852af1,9.92
1211,2019-08-04T02:00:14Z,9885232e95a8b6b4437174be089c6af71b1fe0bddfea879d306b3041,60.17002,24.94407,000000006b087f40,20.28
1212,2019-08-04T02:00:14Z,9aa6011401452463ec819f07785394855c0b49c418b8e19d5fc768df,60.1538,24.95595,0000000038bf9618,31.5
1213,2019-08-04T02:00:14Z,a6ef5803703844038809924894eda35e25c165a826ee9c3f14bc41d7,60.17918,24.95141,00000000675d5200,7.05
1214,2019-08-04T02:00:14Z,aa1d7752e4be44a55f5bfc8df2f6c278afe69b5b19b79702a22908f8,60.1538,24.95595,0000000038bf9618,31.5
1215,2019-08-04T02:00:14Z,b38900c896751899e1c20c791610870bbbde7839746846d07481e0c7,60.16829,24.94214,00000000afef4555,27.28
1216,2019-08-04T02:00:14Z,b506a9cd3cec63a7d46738cf85aca5e1af318642251763063cd376d8,60.16762,24.95415,000000006b44cce7,14.89
1217,2019-08-04T02:00:14Z,b6b900b0eb62ba369c75a8851299367b1ebd94fbf19ccfa3d5466248,60.1538,24.95595,0000000038bf9618,25.36
1218,2019-08-04T02:00:14Z,bc07df8cc395f6f4f5d483b2233caca5f93a6918f346e4cc3702f8cc,60.16531,24.9442,00000000fdda10fe,7.05
1219,2019-08-04T02:00:14Z,c0a0ca3433586ed2ae0e448f2406fabac7292ac79d49562e0bd5cef8,60.16762,24.95415,000000006b44cce7,12.69
1220,2019-08-04T02:00:14Z,c9ce14e0dbf0cf3c24f6a92a1930fa32de9a1de0ffe63082ccddb0d6,60.16448,24.97323,0000000053c6c2be,23.56
1221,2019-08-04T02:00:14Z,d00f32677e342c7dcb88c9fa30272e08ec9a4f49d8006dffbf598a03,60.16762,24.95415,000000006b44cce7,36.27
1222,2019-08-04T02:00:14Z,d216c5aae815b17688c826ff70440e8ff2c5b869fb63b024792f0e53,60.16829,24.94214,00000000afef4555,29.32
1223,2019-08-04T02:00:14Z,d6ad6fb5be8355cc1f877358ec4f09a2ba3df7c177e331113ef376a1,60.16829,24.94214,00000000afef4555,21.87
1224,2019-08-04T02:00:14Z,e1bc48d02d172fa89085656433b35028a10ff453a3261a2634984559,60.149,24.9843,00000000fffb8cf0,16.1
1225,2019-08-04T02:00:14Z,e5b564cf327f7db10f48bff6a13bbcb59e968da0f12c91756dfdfc09,60.16762,24.95415,000000006b44cce7,25.36
1226,2019-08-04T02:00:14Z,e8e8a9de5f61b99c3112c21d7e04620774bb5b9c615ec741aa5e8f66,60.1538,24.95595,0000000038bf9618,9.12
1227,2019-08-04T02:00:14Z,ecd3f6878f10e201456713c185926a3d85ae8b5eb2484b73f155ec5a,60.16531,24.9442,00000000fdda10fe,7.69
1228,2019-08-04T02:00:14Z,ed3b2eaece7e8846b296ad5c3f195aafb7410c95a88887d845982981,60.16762,24.95415,000000006b44cce7,13.75
1229,2019-08-04T02:00:14Z,f2f62de93f5e3596a61d41a7fe5f0a10b2a73b89597cc33137ff5d2f,60.16829,24.94214,00000000afef4555,23.56
1230,2019-08-04T02:00:14Z,f39586246b349fd26e26b06bfdbf9149d03895270dfe4268dd7a6848,60.1538,24.95595,0000000038bf9618,18.79
1231,2019-08-04T02:00:14Z,f8273595f5e5729d41d9da6b8dd60a5b3bd34f343f1ffe267c18d619,60.16762,24.95415,000000006b44cce7,23.56
1232,2019-08-04T02:00:14Z,f9e28a5bfffbfa5e1f903d0e09d25b9b1f72e0e7217cb6c8ffef7d50,60.16829,24.94214,00000000afef4555,29.32
1233,2019-08-04T02:00:15Z,14c7e1511b70f4dd3359cbece1377aebb4d70531f5489eefe53d7c3c,60.16544,24.95398,0000000038d83d41,23.56
1234,2019-08-04T02:00:15Z,165ebbb4090d47319ae370f0d0854fdc1f6b79499f8b2e4d3c3533c0,60.16544,24.95398,0000000038d83d41,27.28
1235,2019-08-04T02:00:15Z,297c725b456ef12d2712634b21546721cbe93224d3a5762d897404f2,60.16762,24.95415,000000006b44cce7,10.78
1236,2019-08-04T02:00:15Z,43b676ed3aef4c2d8846694817e76117873be52e7f788e0cb366c1c4,60.16629,24.95957,00000000fb7600be,31.5
1237,2019-08-04T02:00:15Z,43ea43e1aaac8d6d523965f79fd32aa5e5942a98e66e9b6dbaf67f8d,60.16897,24.95222,00000000aa852af1,21.87
1238,2019-08-04T02:00:15Z,5bbb5184fded3e51bc78e45e39917794285e6bbc72da404802a9599a,60.16531,24.9442,00000000fdda10fe,18.79
1239,2019-08-04T02:00:15Z,5c833bdbbf1fd3a307bb37daa4021d8b3d3342b1552dcc0989fe9b16,60.16762,24.95415,000000006b44cce7,12.69
1240,2019-08-04T02:00:15Z,5d65719c4cbf045f068d084b72302f447d5fd034413d97d13be00d0e,60.18203,24.91341,00000000342570c2,25.36
1241,2019-08-04T02:00:15Z,6066632ddc94b5c482a2d4f45ed2532e55e3fd63e414a084a596a737,60.16762,24.95415,000000006b44cce7,17.4
1242,2019-08-04T02:00:15Z,66dabd3229229330d23c70e9e1737429ddfe69db01f4a6a00f70fa20,60.16762,24.95415,000000006b44cce7,21.87
1243,2019-08-04T02:00:15Z,6a70e2fbced719333e21eff04fcb9cb36bae9a04d1a3d6ddd96f2c58,60.15432,24.9211,0000000019fb59c4,21.87
1244,2019-08-04T02:00:15Z,6ff437688c444238352c28f64f9d2a7d0f14d19c9ea42c225380501e,60.16762,24.95415,000000006b44cce7,21.87
1245,2019-08-04T02:00:15Z,747f2d1ebff218c0ebbdc0fdaef4cbe56633dfb46ae1b1f8c8142201,60.16762,24.95415,000000006b44cce7,13.75
1246,2019-08-04T02:00:15Z,793101e1460a163336a3cac64fab8c81000c19084220aefc41e83e08,60.14951,24.92138,0000000006dd41f6,31.5
1247,2019-08-04T02:00:15Z,79f136afa0dd8717337c01c70b457c464aaf0fa25b440f51a394ec23,60.16762,24.95415,000000006b44cce7,31.5
1248,2019-08-04T02:00:15Z,7de75f59d3110cdf6e742fba9785ed0399f83ea50e4c5d255adb21ff,60.16897,24.95222,00000000aa852af1,23.56
1249,2019-08-04T02:00:15Z,87dfaad29a9276ddddb1fa021d3bc23ad14824c1af16f7d87e713689,60.14951,24.92138,0000000006dd41f6,9.12
1250,2019-08-04T02:00:15Z,89982a6acf91b79a282a6b63978e946ee205f303fcd20e944e06baf0,60.16544,24.95398,0000000038d83d41,33.81
1251,2019-08-04T02:00:15Z,8c75c3289c84fe4493e1e272a77b615fe1985880c5dc68a7c1a17b53,60.16762,24.95415,000000006b44cce7,11.7
1252,2019-08-04T02:00:15Z,91d3b80de4439a4a49ddb8a04d72a0a2ec6c08f351d70232842af567,60.16762,24.95415,000000006b44cce7,23.56
1253,2019-08-04T02:00:15Z,96c0705b3062754c4e9afc471e280530de69c8820bac642f30d4022b,60.16762,24.95415,000000006b44cce7,20.28
1254,2019-08-04T02:00:15Z,a3a21ef15e1883941a7ed2eb6150357ae068aa4b0b6ce6ca0482ea3a,60.1538,24.95595,0000000038bf9618,36.27
1255,2019-08-04T02:00:15Z,a3b4b2c08d30b2cbabe32fd49bcbb4f45f50a3f0b0e74f856bedb831,60.16762,24.95415,000000006b44cce7,20.28
1256,2019-08-04T02:00:15Z,a91d379a4b57c5df22db0d7a041ff69f657b4b31f28554b1011fc03c,60.16544,24.95398,0000000038d83d41,36.27
1257,2019-08-04T02:00:15Z,b33ae7715d6d2571066655c2c8954a5a364b5601869047de83410d9f,60.16629,24.95957,00000000fb7600be,21.87
1258,2019-08-04T02:00:15Z,b5fd6b317890e5ab2d79e2cd1abe61626d45a753c7337d0d40728898,60.16762,24.95415,000000006b44cce7,9.12
1259,2019-08-04T02:00:15Z,c40c37def6bf11a63a2556519a7c6233fd417cdeea2cf14f28e7c42c,60.16531,24.9442,00000000fdda10fe,23.56
1260,2019-08-04T02:00:15Z,c578a1f266f1ac8f40756ab095d6d81719f90b3a1d4c4808f72ce963,60.14951,24.92138,0000000006dd41f6,31.5
1261,2019-08-04T02:00:15Z,c9cb2b9de2b21abecad29584393bea94a97f282f234f310e2468d7a7,60.16075,24.95883,00000000f1124bca,25.36
1262,2019-08-04T02:00:15Z,cf05623e4d87ce0906c0b0b7dbf53aacc1228016cd27c341228b6e76,60.18203,24.91341,00000000342570c2,17.4
1263,2019-08-04T02:00:15Z,d0bb9fef9a0ef26adcdd4732c9c20361bce49826f32c2892242831b8,60.16762,24.95415,000000006b44cce7,18.79
1264,2019-08-04T02:00:15Z,f088630d7476dae7d4b7e2bb1f10575f2c89acb4b6e061f3d57c2b40,60.16531,24.9442,00000000fdda10fe,27.28
1265,2019-08-04T02:00:15Z,f6609ab1076b1105bb845595a03b41b8fbb282f79c337df5bbc9f841,60.14699,24.922,00000000a53ed894,17.4
1266,2019-08-04T02:00:15Z,fc4f3a44235f1cfc7b53f14ba2da599976a5a0a220d23b852688e485,60.17918,24.95141,00000000675d5200,33.81
1267,2019-08-04T02:00:15Z,032a59647297ad5458cd75a64c6405172cebb8eb2f33b7ab5ce92c4b,60.17918,24.95141,00000000675d5200,33.81
1268,2019-08-04T02:00:15Z,033315d9de4e24b31697b4d26c71dec6e314545795fc0bea96aaa565,60.16829,24.94214,00000000afef4555,27.28
1269,2019-08-04T02:00:15Z,0486b4520285f3ca2132b986edabb7c19dfc5708a6c163ff40ed37b9,60.16448,24.97323,0000000053c6c2be,20.28
1270,2019-08-04T02:00:15Z,11acd771bb0e2f3b2f3e08a7f5e80f0f44e73a715bff0585bc669672,60.17002,24.94407,000000006b087f40,25.36
1271,2019-08-04T02:00:15Z,124a6ddd121114d11fcde48234ff0b8931d0f3fba2b00efd0948255c,60.16897,24.95222,00000000aa852af1,27.28
1272,2019-08-04T02:00:15Z,137a95acb1432cb5b163aa6e55df6f8d03cfd04b24a6938e6e4d659d,60.16762,24.95415,000000006b44cce7,7.05
1273,2019-08-04T02:00:15Z,1780f64a77699d00e2128b929079dfa4cbc3724f901639c7ca5049f1,60.16629,24.95957,00000000fb7600be,16.1
1274,2019-08-04T02:00:15Z,201bf4fc7952b70f96689a812948e3ad6bc7074c06604d4a1afa0b8e,60.17002,24.94407,000000006b087f40,38.87
1275,2019-08-04T02:00:15Z,26166cf5b9b16d54fc1561e096e46512a7b60243de6b9acdf28d33b1,60.16829,24.94214,00000000afef4555,21.87
1276,2019-08-04T02:00:15Z,2696f6a462520c8284659d993a9bf0545c2b2f278e1538f7f60dd1d3,60.17002,24.94407,000000006b087f40,13.75
1277,2019-08-04T02:00:15Z,2acdcfed6579c3f9a1683b1f56e28b2b7b75403200b054e6edd09fe7,60.1538,24.95595,0000000038bf9618,20.28
1278,2019-08-04T02:00:15Z,339f6a365c38070f7de8fbf2f831e126f72a0f5d109d5be30735cb7e,60.16897,24.95222,00000000aa852af1,13.75
1279,2019-08-04T02:00:15Z,3887fec87dd40ed28900ea630ba55753da933476c2f9d019a0ad8d90,60.16829,24.94214,00000000afef4555,25.36
1280,2019-08-04T02:00:15Z,406c8df3855d308047a12843434f2fac7dc6a2dba12c20edbdf06606,60.1538,24.95595,0000000038bf9618,9.12
1281,2019-08-04T02:00:15Z,45f3f37f5104c27fc21a7db518e7a7f57b68709f23f02b5efa540f7a,60.14947,24.91438,000000004ef3150d,12.69
1282,2019-08-04T02:00:15Z,47de555c057bf55633de335cbcd553c3ed54cb6937bf717f3e9c2098,60.1538,24.95595,0000000038bf9618,29.32
1283,2019-08-04T02:00:15Z,4933441a869df1350df5f0d62d5eb729a3e16345489767c9e3c7b25d,60.16829,24.94214,00000000afef4555,36.27
1284,2019-08-04T02:00:15Z,584cb0b0cdd14e608c8b57c8aecc9826f9b40027e365e2438a444ea2,60.16762,24.95415,000000006b44cce7,12.69
1285,2019-08-04T02:00:15Z,58b7c53decdf23347782d6442cb4349ee5312db1d5ba8da9e4c2af25,60.16762,24.95415,000000006b44cce7,13.75
1286,2019-08-04T02:00:15Z,699b48bb93c5befb62ff0686e75f158406b659f14daec16ab66d4499,60.15432,24.9211,0000000019fb59c4,17.4
1287,2019-08-04T02:00:15Z,6ff48066dbbd91fad556cf8d4584f5f79f7961521855734e82e4c187,60.16762,24.95415,000000006b44cce7,6.46
1288,2019-08-04T02:00:15Z,70cc7b0a8e166380ca0fbc55a58d9a59c9de9f05a9f95ebb82482d5a,60.16762,24.95415,000000006b44cce7,9.92
1289,2019-08-04T02:00:15Z,72e41e18be36571bb9da70ab3087ef307dd5f0366829c8d0457c9685,60.16829,24.94214,00000000afef4555,16.1
1290,2019-08-04T02:00:15Z,7bafc9b6f74b521018b3c6eb85088f47050dae502879caa96dcb94a6,60.1538,24.95595,0000000038bf9618,21.87
1291,2019-08-04T02:00:15Z,8b49994992a96e97c5f92629f1aca931941db8b36050ac6b25c3c67f,60.16897,24.95222,00000000aa852af1,33.81
1292,2019-08-04T02:00:15Z,8e7c2f7966c3527e6bc8f358d74a087474c6985f4d5dfc4546693416,60.16829,24.94214,00000000afef4555,33.81
1293,2019-08-04T02:00:15Z,9173442e2f747f902896659a35f9782497dbe91c8c5c8e5b2c712fba,60.16897,24.95222,00000000aa852af1,13.75
1294,2019-08-04T02:00:15Z,9885232e95a8b6b4437174be089c6af71b1fe0bddfea879d306b3041,60.17002,24.94407,000000006b087f40,18.79
1295,2019-08-04T02:00:15Z,9aa6011401452463ec819f07785394855c0b49c418b8e19d5fc768df,60.1538,24.95595,0000000038bf9618,25.36
1296,2019-08-04T02:00:15Z,a12dfe20bcda9301943010682dd87a01ab2662611ca795c4ff1fe6c6,60.16531,24.9442,00000000fdda10fe,27.28
1297,2019-08-04T02:00:15Z,a6ef5803703844038809924894eda35e25c165a826ee9c3f14bc41d7,60.17918,24.95141,00000000675d5200,23.56
1298,2019-08-04T02:00:15Z,aa1d7752e4be44a55f5bfc8df2f6c278afe69b5b19b79702a22908f8,60.1538,24.95595,0000000038bf9618,27.28
1299,2019-08-04T02:00:15Z,b506a9cd3cec63a7d46738cf85aca5e1af318642251763063cd376d8,60.16762,24.95415,000000006b44cce7,10.78
1300,2019-08-04T02:00:15Z,b6b900b0eb62ba369c75a8851299367b1ebd94fbf19ccfa3d5466248,60.1538,24.95595,0000000038bf9618,27.28
1301,2019-08-04T02:00:15Z,bc07df8cc395f6f4f5d483b2233caca5f93a6918f346e4cc3702f8cc,60.16531,24.9442,00000000fdda10fe,9.12
1302,2019-08-04T02:00:15Z,c0a0ca3433586ed2ae0e448f2406fabac7292ac79d49562e0bd5cef8,60.16762,24.95415,000000006b44cce7,13.75
1303,2019-08-04T02:00:15Z,d00f32677e342c7dcb88c9fa30272e08ec9a4f49d8006dffbf598a03,60.16762,24.95415,000000006b44cce7,18.79
1304,2019-08-04T02:00:15Z,d216c5aae815b17688c826ff70440e8ff2c5b869fb63b024792f0e53,60.16829,24.94214,00000000afef4555,13.75
1305,2019-08-04T02:00:15Z,d6ad6fb5be8355cc1f877358ec4f09a2ba3df7c177e331113ef376a1,60.16829,24.94214,00000000afef4555,21.87
1306,2019-08-04T02:00:15Z,e1bc48d02d172fa89085656433b35028a10ff453a3261a2634984559,60.149,24.9843,00000000fffb8cf0,16.1
1307,2019-08-04T02:00:15Z,e30c8d515f787275f7e911287d598f569fcfc5092a203f4c001d0dc6,60.16762,24.95415,000000006b44cce7,17.4
1308,2019-08-04T02:00:15Z,e522f5ea0e78869628ae6c0eeb1d11f2751b751d753bb2cf8e0c1587,60.17002,24.94407,000000006b087f40,27.28
1309,2019-08-04T02:00:15Z,e5b564cf327f7db10f48bff6a13bbcb59e968da0f12c91756dfdfc09,60.16762,24.95415,000000006b44cce7,20.28
1310,2019-08-04T02:00:15Z,e66dee158121004b2a8098c673bc0d10944147d07f5f738cb9dd32be,60.16829,24.94214,00000000afef4555,25.36
1311,2019-08-04T02:00:15Z,e8e8a9de5f61b99c3112c21d7e04620774bb5b9c615ec741aa5e8f66,60.1538,24.95595,0000000038bf9618,23.56
1312,2019-08-04T02:00:15Z,ecd3f6878f10e201456713c185926a3d85ae8b5eb2484b73f155ec5a,60.16531,24.9442,00000000fdda10fe,7.69
1313,2019-08-04T02:00:15Z,ed3b2eaece7e8846b296ad5c3f195aafb7410c95a88887d845982981,60.16762,24.95415,000000006b44cce7,16.1
1314,2019-08-04T02:00:15Z,f2f62de93f5e3596a61d41a7fe5f0a10b2a73b89597cc33137ff5d2f,60.16829,24.94214,00000000afef4555,17.4
1315,2019-08-04T02:00:15Z,f39586246b349fd26e26b06bfdbf9149d03895270dfe4268dd7a6848,60.1538,24.95595,0000000038bf9618,23.56
1316,2019-08-04T02:00:15Z,f8273595f5e5729d41d9da6b8dd60a5b3bd34f343f1ffe267c18d619,60.16762,24.95415,000000006b44cce7,7.69
1317,2019-08-04T02:00:16Z,14c7e1511b70f4dd3359cbece1377aebb4d70531f5489eefe53d7c3c,60.16544,24.95398,0000000038d83d41,21.87
1318,2019-08-04T02:00:16Z,165ebbb4090d47319ae370f0d0854fdc1f6b79499f8b2e4d3c3533c0,60.16544,24.95398,0000000038d83d41,31.5
1319,2019-08-04T02:00:16Z,17b28910b6cbc057680693633275c4ca53938281bc38178f96c44947,60.17002,24.94407,000000006b087f40,33.81
1320,2019-08-04T02:00:16Z,297c725b456ef12d2712634b21546721cbe93224d3a5762d897404f2,60.16762,24.95415,000000006b44cce7,11.7
1321,2019-08-04T02:00:16Z,3944bc7a301be7241d1f7bc4a97f221000d535ce3d8a9af9af9b23b5,60.16531,24.9442,00000000fdda10fe,33.81
1322,2019-08-04T02:00:16Z,43b676ed3aef4c2d8846694817e76117873be52e7f788e0cb366c1c4,60.16629,24.95957,00000000fb7600be,27.28
1323,2019-08-04T02:00:16Z,43ea43e1aaac8d6d523965f79fd32aa5e5942a98e66e9b6dbaf67f8d,60.16897,24.95222,00000000aa852af1,14.89
1324,2019-08-04T02:00:16Z,43f0659ef87792b2d876153eb4b35ac5ac2db3bd5de1eb30f3303e5c,60.17002,24.94407,000000006b087f40,31.5
1325,2019-08-04T02:00:16Z,5bbb5184fded3e51bc78e45e39917794285e6bbc72da404802a9599a,60.16531,24.9442,00000000fdda10fe,36.27
1326,2019-08-04T02:00:16Z,5c833bdbbf1fd3a307bb37daa4021d8b3d3342b1552dcc0989fe9b16,60.16762,24.95415,000000006b44cce7,9.12
1327,2019-08-04T02:00:16Z,5d65719c4cbf045f068d084b72302f447d5fd034413d97d13be00d0e,60.18203,24.91341,00000000342570c2,18.79
1328,2019-08-04T02:00:16Z,6066632ddc94b5c482a2d4f45ed2532e55e3fd63e414a084a596a737,60.16762,24.95415,000000006b44cce7,17.4
1329,2019-08-04T02:00:16Z,66dabd3229229330d23c70e9e1737429ddfe69db01f4a6a00f70fa20,60.16762,24.95415,000000006b44cce7,17.4
1330,2019-08-04T02:00:16Z,6a70e2fbced719333e21eff04fcb9cb36bae9a04d1a3d6ddd96f2c58,60.15432,24.9211,0000000019fb59c4,17.4
1331,2019-08-04T02:00:16Z,6f06341f358e61699fe1e55e986dd0554bc8da28b91daf0c5ad99db6,60.16629,24.95957,00000000fb7600be,25.36
1332,2019-08-04T02:00:16Z,6ff437688c444238352c28f64f9d2a7d0f14d19c9ea42c225380501e,60.16762,24.95415,000000006b44cce7,23.56
1333,2019-08-04T02:00:16Z,747f2d1ebff218c0ebbdc0fdaef4cbe56633dfb46ae1b1f8c8142201,60.16762,24.95415,000000006b44cce7,13.75
1334,2019-08-04T02:00:16Z,79f136afa0dd8717337c01c70b457c464aaf0fa25b440f51a394ec23,60.16762,24.95415,000000006b44cce7,12.69
1335,2019-08-04T02:00:16Z,7de75f59d3110cdf6e742fba9785ed0399f83ea50e4c5d255adb21ff,60.16897,24.95222,00000000aa852af1,23.56
1336,2019-08-04T02:00:16Z,87dfaad29a9276ddddb1fa021d3bc23ad14824c1af16f7d87e713689,60.14951,24.92138,0000000006dd41f6,8.38
1337,2019-08-04T02:00:16Z,89982a6acf91b79a282a6b63978e946ee205f303fcd20e944e06baf0,60.16544,24.95398,0000000038d83d41,17.4
1338,2019-08-04T02:00:16Z,8b0535dd90c15c8fd1b256e7a48369741b0fe9d58f8f05f6e46134b7,60.16544,24.95398,0000000038d83d41,25.36
1339,2019-08-04T02:00:16Z,8c75c3289c84fe4493e1e272a77b615fe1985880c5dc68a7c1a17b53,60.16762,24.95415,000000006b44cce7,10.78
1340,2019-08-04T02:00:16Z,a28ab699dc505d3a0c490fae63a8ebb958574e13f1f64250d91db769,60.16762,24.95415,000000006b44cce7,31.5
1341,2019-08-04T02:00:16Z,a3b4b2c08d30b2cbabe32fd49bcbb4f45f50a3f0b0e74f856bedb831,60.16762,24.95415,000000006b44cce7,16.1
1342,2019-08-04T02:00:16Z,a91d379a4b57c5df22db0d7a041ff69f657b4b31f28554b1011fc03c,60.16544,24.95398,0000000038d83d41,31.5
1343,2019-08-04T02:00:16Z,b5fd6b317890e5ab2d79e2cd1abe61626d45a753c7337d0d40728898,60.16762,24.95415,000000006b44cce7,6.46
1344,2019-08-04T02:00:16Z,c40c37def6bf11a63a2556519a7c6233fd417cdeea2cf14f28e7c42c,60.16531,24.9442,00000000fdda10fe,31.5
1345,2019-08-04T02:00:16Z,c9cb2b9de2b21abecad29584393bea94a97f282f234f310e2468d7a7,60.16075,24.95883,00000000f1124bca,31.5
1346,2019-08-04T02:00:16Z,ce197d5eedb5498917afe7ca3f7275ffeb191f0c5d050bffa154c1d2,60.16531,24.9442,00000000fdda10fe,31.5
1347,2019-08-04T02:00:16Z,cf05623e4d87ce0906c0b0b7dbf53aacc1228016cd27c341228b6e76,60.18203,24.91341,00000000342570c2,20.28
1348,2019-08-04T02:00:16Z,f088630d7476dae7d4b7e2bb1f10575f2c89acb4b6e061f3d57c2b40,60.16531,24.9442,00000000fdda10fe,27.28
1349,2019-08-04T02:00:16Z,f6609ab1076b1105bb845595a03b41b8fbb282f79c337df5bbc9f841,60.14699,24.922,00000000a53ed894,14.89
1350,2019-08-04T02:00:16Z,fc4f3a44235f1cfc7b53f14ba2da599976a5a0a220d23b852688e485,60.17919,24.95181,000000007b5207b6,16.1
1351,2019-08-04T02:00:16Z,032a59647297ad5458cd75a64c6405172cebb8eb2f33b7ab5ce92c4b,60.17918,24.95141,00000000675d5200,31.5
1352,2019-08-04T02:00:16Z,0486b4520285f3ca2132b986edabb7c19dfc5708a6c163ff40ed37b9,60.16448,24.97323,0000000053c6c2be,17.4
1353,2019-08-04T02:00:16Z,11acd771bb0e2f3b2f3e08a7f5e80f0f44e73a715bff0585bc669672,60.17002,24.94407,000000006b087f40,14.89
1354,2019-08-04T02:00:16Z,124a6ddd121114d11fcde48234ff0b8931d0f3fba2b00efd0948255c,60.16897,24.95222,00000000aa852af1,9.92
1355,2019-08-04T02:00:16Z,137a95acb1432cb5b163aa6e55df6f8d03cfd04b24a6938e6e4d659d,60.16762,24.95415,000000006b44cce7,9.12
1356,2019-08-04T02:00:16Z,1780f64a77699d00e2128b929079dfa4cbc3724f901639c7ca5049f1,60.16629,24.95957,00000000fb7600be,18.79
1357,2019-08-04T02:00:16Z,1dacfb371d75dd4f90f447aac2a00faad98beb4188a6971c19eb2375,60.16629,24.95957,00000000fb7600be,21.87
1358,2019-08-04T02:00:16Z,2acdcfed6579c3f9a1683b1f56e28b2b7b75403200b054e6edd09fe7,60.1538,24.95595,0000000038bf9618,27.28
1359,2019-08-04T02:00:16Z,339f6a365c38070f7de8fbf2f831e126f72a0f5d109d5be30735cb7e,60.16897,24.95222,00000000aa852af1,29.32
1360,2019-08-04T02:00:16Z,45f3f37f5104c27fc21a7db518e7a7f57b68709f23f02b5efa540f7a,60.14947,24.91438,000000004ef3150d,9.92
1361,2019-08-04T02:00:16Z,47de555c057bf55633de335cbcd553c3ed54cb6937bf717f3e9c2098,60.1538,24.95595,0000000038bf9618,38.87
1362,2019-08-04T02:00:16Z,4933441a869df1350df5f0d62d5eb729a3e16345489767c9e3c7b25d,60.16829,24.94214,00000000afef4555,29.32
1363,2019-08-04T02:00:16Z,584cb0b0cdd14e608c8b57c8aecc9826f9b40027e365e2438a444ea2,60.16762,24.95415,000000006b44cce7,12.69
1364,2019-08-04T02:00:16Z,66204b23c643abf2cc380d679bb57d79c309c25ca943b49c4f183b2d,60.16829,24.94214,00000000afef4555,23.56
1365,2019-08-04T02:00:16Z,66e7412496e5ad9efd31af7a7f1a88e1fdcd371a60adfe516dd71704,60.16829,24.94214,00000000afef4555,36.27
1366,2019-08-04T02:00:16Z,6ff48066dbbd91fad556cf8d4584f5f79f7961521855734e82e4c187,60.16762,24.95415,000000006b44cce7,5.41
1367,2019-08-04T02:00:16Z,70cc7b0a8e166380ca0fbc55a58d9a59c9de9f05a9f95ebb82482d5a,60.16762,24.95415,000000006b44cce7,12.69
1368,2019-08-04T02:00:16Z,72e41e18be36571bb9da70ab3087ef307dd5f0366829c8d0457c9685,60.16829,24.94214,00000000afef4555,23.56
1369,2019-08-04T02:00:16Z,74cb545f76f0bfc5498607247e26e814276a11ce91f77208054ecbc5,60.17002,24.94407,000000006b087f40,23.56
1370,2019-08-04T02:00:16Z,7bafc9b6f74b521018b3c6eb85088f47050dae502879caa96dcb94a6,60.1538,24.95595,0000000038bf9618,31.5
1371,2019-08-04T02:00:16Z,9173442e2f747f902896659a35f9782497dbe91c8c5c8e5b2c712fba,60.16897,24.95222,00000000aa852af1,17.4
1372,2019-08-04T02:00:16Z,9885232e95a8b6b4437174be089c6af71b1fe0bddfea879d306b3041,60.17002,24.94407,000000006b087f40,27.28
1373,2019-08-04T02:00:16Z,a6ef5803703844038809924894eda35e25c165a826ee9c3f14bc41d7,60.17918,24.95141,00000000675d5200,27.28
1374,2019-08-04T02:00:16Z,aa1d7752e4be44a55f5bfc8df2f6c278afe69b5b19b79702a22908f8,60.1538,24.95595,0000000038bf9618,20.28
1375,2019-08-04T02:00:16Z,b38900c896751899e1c20c791610870bbbde7839746846d07481e0c7,60.16829,24.94214,00000000afef4555,21.87
1376,2019-08-04T02:00:16Z,b506a9cd3cec63a7d46738cf85aca5e1af318642251763063cd376d8,60.16762,24.95415,000000006b44cce7,13.75
1377,2019-08-04T02:00:16Z,b6b900b0eb62ba369c75a8851299367b1ebd94fbf19ccfa3d5466248,60.1538,24.95595,0000000038bf9618,38.87
1378,2019-08-04T02:00:16Z,bc07df8cc395f6f4f5d483b2233caca5f93a6918f346e4cc3702f8cc,60.16531,24.9442,00000000fdda10fe,9.12
1379,2019-08-04T02:00:16Z,c0a0ca3433586ed2ae0e448f2406fabac7292ac79d49562e0bd5cef8,60.16762,24.95415,000000006b44cce7,33.81
1380,2019-08-04T02:00:16Z,d00f32677e342c7dcb88c9fa30272e08ec9a4f49d8006dffbf598a03,60.16762,24.95415,000000006b44cce7,20.28
1381,2019-08-04T02:00:16Z,d216c5aae815b17688c826ff70440e8ff2c5b869fb63b024792f0e53,60.16829,24.94214,00000000afef4555,29.32
1382,2019-08-04T02:00:16Z,d88285b59908ce8129590372f3e72c4ecf84d875c562b226ce717b2c,60.17002,24.94407,000000006b087f40,33.81
1383,2019-08-04T02:00:16Z,e1bc48d02d172fa89085656433b35028a10ff453a3261a2634984559,60.149,24.9843,00000000fffb8cf0,31.5
1384,2019-08-04T02:00:16Z,e30c8d515f787275f7e911287d598f569fcfc5092a203f4c001d0dc6,60.16762,24.95415,000000006b44cce7,23.56
1385,2019-08-04T02:00:16Z,e522f5ea0e78869628ae6c0eeb1d11f2751b751d753bb2cf8e0c1587,60.17002,24.94407,000000006b087f40,31.5
1386,2019-08-04T02:00:16Z,e5b564cf327f7db10f48bff6a13bbcb59e968da0f12c91756dfdfc09,60.16762,24.95415,000000006b44cce7,20.28
1387,2019-08-04T02:00:16Z,e7baeb3fa75db84982c28c08efcf29a123618b687c634aae2f7a2b1a,60.16531,24.9442,00000000fdda10fe,23.56
1388,2019-08-04T02:00:16Z,e8e8a9de5f61b99c3112c21d7e04620774bb5b9c615ec741aa5e8f66,60.1538,24.95595,0000000038bf9618,27.28
1389,2019-08-04T02:00:16Z,ecd3f6878f10e201456713c185926a3d85ae8b5eb2484b73f155ec5a,60.16531,24.9442,00000000fdda10fe,7.05
1390,2019-08-04T02:00:16Z,f2f62de93f5e3596a61d41a7fe5f0a10b2a73b89597cc33137ff5d2f,60.16829,24.94214,00000000afef4555,21.87
1391,2019-08-04T02:00:16Z,f8273595f5e5729d41d9da6b8dd60a5b3bd34f343f1ffe267c18d619,60.16762,24.95415,000000006b44cce7,9.92
1392,2019-08-04T02:00:16Z,f9399339c3de44774896319d3f291771cebcaf2666df1d6062469882,60.16531,24.9442,00000000fdda10fe,47.69
1393,2019-08-04T02:00:17Z,14c7e1511b70f4dd3359cbece1377aebb4d70531f5489eefe53d7c3c,60.16544,24.95398,0000000038d83d41,25.36
1394,2019-08-04T02:00:17Z,165ebbb4090d47319ae370f0d0854fdc1f6b79499f8b2e4d3c3533c0,60.16544,24.95398,0000000038d83d41,27.28
1395,2019-08-04T02:00:17Z,17b28910b6cbc057680693633275c4ca53938281bc38178f96c44947,60.17002,24.94407,000000006b087f40,36.27
1396,2019-08-04T02:00:17Z,297c725b456ef12d2712634b21546721cbe93224d3a5762d897404f2,60.16762,24.95415,000000006b44cce7,14.89
1397,2019-08-04T02:00:17Z,3944bc7a301be7241d1f7bc4a97f221000d535ce3d8a9af9af9b23b5,60.16531,24.9442,00000000fdda10fe,25.36
1398,2019-08-04T02:00:17Z,43b676ed3aef4c2d8846694817e76117873be52e7f788e0cb366c1c4,60.16629,24.95957,00000000fb7600be,23.56
1399,2019-08-04T02:00:17Z,43ea43e1aaac8d6d523965f79fd32aa5e5942a98e66e9b6dbaf67f8d,60.16897,24.95222,00000000aa852af1,13.75
1400,2019-08-04T02:00:17Z,43f0659ef87792b2d876153eb4b35ac5ac2db3bd5de1eb30f3303e5c,60.17002,24.94407,000000006b087f40,29.32
1401,2019-08-04T02:00:17Z,5bbb5184fded3e51bc78e45e39917794285e6bbc72da404802a9599a,60.16531,24.9442,00000000fdda10fe,18.79
1402,2019-08-04T02:00:17Z,5c833bdbbf1fd3a307bb37daa4021d8b3d3342b1552dcc0989fe9b16,60.16762,24.95415,000000006b44cce7,9.12
1403,2019-08-04T02:00:17Z,5d65719c4cbf045f068d084b72302f447d5fd034413d97d13be00d0e,60.18203,24.91341,00000000342570c2,18.79
1404,2019-08-04T02:00:17Z,6066632ddc94b5c482a2d4f45ed2532e55e3fd63e414a084a596a737,60.16762,24.95415,000000006b44cce7,17.4
1405,2019-08-04T02:00:17Z,66dabd3229229330d23c70e9e1737429ddfe69db01f4a6a00f70fa20,60.16762,24.95415,000000006b44cce7,20.28
1406,2019-08-04T02:00:17Z,6a70e2fbced719333e21eff04fcb9cb36bae9a04d1a3d6ddd96f2c58,60.15432,24.9211,0000000019fb59c4,18.79
1407,2019-08-04T02:00:17Z,6f06341f358e61699fe1e55e986dd0554bc8da28b91daf0c5ad99db6,60.16629,24.95957,00000000fb7600be,29.32
1408,2019-08-04T02:00:17Z,747f2d1ebff218c0ebbdc0fdaef4cbe56633dfb46ae1b1f8c8142201,60.16762,24.95415,000000006b44cce7,12.69
1409,2019-08-04T02:00:17Z,79f136afa0dd8717337c01c70b457c464aaf0fa25b440f51a394ec23,60.16762,24.95415,000000006b44cce7,27.28
1410,2019-08-04T02:00:17Z,7de75f59d3110cdf6e742fba9785ed0399f83ea50e4c5d255adb21ff,60.16897,24.95222,00000000aa852af1,20.28
1411,2019-08-04T02:00:17Z,87dfaad29a9276ddddb1fa021d3bc23ad14824c1af16f7d87e713689,60.14951,24.92138,0000000006dd41f6,12.69
1412,2019-08-04T02:00:17Z,89982a6acf91b79a282a6b63978e946ee205f303fcd20e944e06baf0,60.16544,24.95398,0000000038d83d41,20.28
1413,2019-08-04T02:00:17Z,8b0535dd90c15c8fd1b256e7a48369741b0fe9d58f8f05f6e46134b7,60.16544,24.95398,0000000038d83d41,29.32
1414,2019-08-04T02:00:17Z,8c75c3289c84fe4493e1e272a77b615fe1985880c5dc68a7c1a17b53,60.16762,24.95415,000000006b44cce7,12.69
1415,2019-08-04T02:00:17Z,91d3b80de4439a4a49ddb8a04d72a0a2ec6c08f351d70232842af567,60.16762,24.95415,000000006b44cce7,23.56
1416,2019-08-04T02:00:17Z,94305981fc006eedb612f0981b0f33607e4a9335378b7f22994c32fa,60.17002,24.94407,000000006b087f40,41.64
1417,2019-08-04T02:00:17Z,96c0705b3062754c4e9afc471e280530de69c8820bac642f30d4022b,60.16762,24.95415,000000006b44cce7,21.87
1418,2019-08-04T02:00:17Z,a3b4b2c08d30b2cbabe32fd49bcbb4f45f50a3f0b0e74f856bedb831,60.16762,24.95415,000000006b44cce7,16.1
1419,2019-08-04T02:00:17Z,a91d379a4b57c5df22db0d7a041ff69f657b4b31f28554b1011fc03c,60.16544,24.95398,0000000038d83d41,31.5
1420,2019-08-04T02:00:17Z,b5fd6b317890e5ab2d79e2cd1abe61626d45a753c7337d0d40728898,60.16762,24.95415,000000006b44cce7,9.92
1421,2019-08-04T02:00:17Z,c40c37def6bf11a63a2556519a7c6233fd417cdeea2cf14f28e7c42c,60.16531,24.9442,00000000fdda10fe,21.87
1422,2019-08-04T02:00:17Z,c9cb2b9de2b21abecad29584393bea94a97f282f234f310e2468d7a7,60.16075,24.95883,00000000f1124bca,25.36
1423,2019-08-04T02:00:17Z,ce197d5eedb5498917afe7ca3f7275ffeb191f0c5d050bffa154c1d2,60.16531,24.9442,00000000fdda10fe,33.81
1424,2019-08-04T02:00:17Z,cf05623e4d87ce0906c0b0b7dbf53aacc1228016cd27c341228b6e76,60.18203,24.91341,00000000342570c2,33.81
1425,2019-08-04T02:00:17Z,d0bb9fef9a0ef26adcdd4732c9c20361bce49826f32c2892242831b8,60.16762,24.95415,000000006b44cce7,23.56
1426,2019-08-04T02:00:17Z,f088630d7476dae7d4b7e2bb1f10575f2c89acb4b6e061f3d57c2b40,60.16531,24.9442,00000000fdda10fe,23.56
1427,2019-08-04T02:00:17Z,f6609ab1076b1105bb845595a03b41b8fbb282f79c337df5bbc9f841,60.14699,24.922,00000000a53ed894,17.4
1428,2019-08-04T02:00:17Z,fc4f3a44235f1cfc7b53f14ba2da599976a5a0a220d23b852688e485,60.17918,24.95141,00000000675d5200,29.32
1429,2019-08-04T02:00:17Z,032a59647297ad5458cd75a64c6405172cebb8eb2f33b7ab5ce92c4b,60.17918,24.95141,00000000675d5200,13.75
1430,2019-08-04T02:00:17Z,046d88221ec15b64bcac02c9056c3cdd39e2ce29bc8cde90aa2d7ed9,60.16897,24.95222,00000000aa852af1,25.36
1431,2019-08-04T02:00:17Z,11acd771bb0e2f3b2f3e08a7f5e80f0f44e73a715bff0585bc669672,60.17002,24.94407,000000006b087f40,25.36
1432,2019-08-04T02:00:17Z,124a6ddd121114d11fcde48234ff0b8931d0f3fba2b00efd0948255c,60.16897,24.95222,00000000aa852af1,23.56
1433,2019-08-04T02:00:17Z,137a95acb1432cb5b163aa6e55df6f8d03cfd04b24a6938e6e4d659d,60.16762,24.95415,000000006b44cce7,6.46
1434,2019-08-04T02:00:17Z,1780f64a77699d00e2128b929079dfa4cbc3724f901639c7ca5049f1,60.16629,24.95957,00000000fb7600be,14.89
1435,2019-08-04T02:00:17Z,26166cf5b9b16d54fc1561e096e46512a7b60243de6b9acdf28d33b1,60.16829,24.94214,00000000afef4555,21.87
1436,2019-08-04T02:00:17Z,2696f6a462520c8284659d993a9bf0545c2b2f278e1538f7f60dd1d3,60.17002,24.94407,000000006b087f40,13.75
1437,2019-08-04T02:00:17Z,45f3f37f5104c27fc21a7db518e7a7f57b68709f23f02b5efa540f7a,60.14947,24.91438,000000004ef3150d,13.75
1438,2019-08-04T02:00:17Z,4933441a869df1350df5f0d62d5eb729a3e16345489767c9e3c7b25d,60.16829,24.94214,00000000afef4555,33.81
1439,2019-08-04T02:00:17Z,4c3b8a7c738751ab5f9248766749e3c897b23514b294f34880eff55a,60.16897,24.95222,00000000aa852af1,27.28
1440,2019-08-04T02:00:17Z,584cb0b0cdd14e608c8b57c8aecc9826f9b40027e365e2438a444ea2,60.16762,24.95415,000000006b44cce7,10.78
1441,2019-08-04T02:00:17Z,699b48bb93c5befb62ff0686e75f158406b659f14daec16ab66d4499,60.15432,24.9211,0000000019fb59c4,20.28
1442,2019-08-04T02:00:17Z,6ff48066dbbd91fad556cf8d4584f5f79f7961521855734e82e4c187,60.16762,24.95415,000000006b44cce7,3.09
1443,2019-08-04T02:00:17Z,70cc7b0a8e166380ca0fbc55a58d9a59c9de9f05a9f95ebb82482d5a,60.16762,24.95415,000000006b44cce7,11.7
1444,2019-08-04T02:00:17Z,72e41e18be36571bb9da70ab3087ef307dd5f0366829c8d0457c9685,60.16829,24.94214,00000000afef4555,12.69
1445,2019-08-04T02:00:17Z,7b91d732042030189a304f65807ba95cf9e2445e16fd7666747e7e56,60.1538,24.95595,0000000038bf9618,27.28
1446,2019-08-04T02:00:17Z,7bafc9b6f74b521018b3c6eb85088f47050dae502879caa96dcb94a6,60.1538,24.95595,0000000038bf9618,9.92
1447,2019-08-04T02:00:17Z,9173442e2f747f902896659a35f9782497dbe91c8c5c8e5b2c712fba,60.16897,24.95222,00000000aa852af1,25.36
1448,2019-08-04T02:00:17Z,9313086be16704612615b82b0fb0a2bac8d249cbf373b54d85a5b3f1,60.1538,24.95595,0000000038bf9618,36.27
1449,2019-08-04T02:00:17Z,9885232e95a8b6b4437174be089c6af71b1fe0bddfea879d306b3041,60.17002,24.94407,000000006b087f40,12.69
1450,2019-08-04T02:00:17Z,a6ef5803703844038809924894eda35e25c165a826ee9c3f14bc41d7,60.17918,24.95141,00000000675d5200,21.87
1451,2019-08-04T02:00:17Z,aa1d7752e4be44a55f5bfc8df2f6c278afe69b5b19b79702a22908f8,60.1538,24.95595,0000000038bf9618,17.4
1452,2019-08-04T02:00:17Z,b38900c896751899e1c20c791610870bbbde7839746846d07481e0c7,60.16829,24.94214,00000000afef4555,23.56
1453,2019-08-04T02:00:17Z,b6b900b0eb62ba369c75a8851299367b1ebd94fbf19ccfa3d5466248,60.1538,24.95595,0000000038bf9618,25.36
1454,2019-08-04T02:00:17Z,bc07df8cc395f6f4f5d483b2233caca5f93a6918f346e4cc3702f8cc,60.16531,24.9442,00000000fdda10fe,7.05
1455,2019-08-04T02:00:17Z,c0a0ca3433586ed2ae0e448f2406fabac7292ac79d49562e0bd5cef8,60.16762,24.95415,000000006b44cce7,13.75
1456,2019-08-04T02:00:17Z,d00f32677e342c7dcb88c9fa30272e08ec9a4f49d8006dffbf598a03,60.16762,24.95415,000000006b44cce7,18.79
1457,2019-08-04T02:00:17Z,d216c5aae815b17688c826ff70440e8ff2c5b869fb63b024792f0e53,60.16829,24.94214,00000000afef4555,12.69
1458,2019-08-04T02:00:17Z,e1bc48d02d172fa89085656433b35028a10ff453a3261a2634984559,60.149,24.9843,00000000fffb8cf0,33.81
1459,2019-08-04T02:00:17Z,e30c8d515f787275f7e911287d598f569fcfc5092a203f4c001d0dc6,60.16762,24.95415,000000006b44cce7,23.56
1460,2019-08-04T02:00:17Z,e66dee158121004b2a8098c673bc0d10944147d07f5f738cb9dd32be,60.16829,24.94214,00000000afef4555,25.36
1461,2019-08-04T02:00:17Z,e7baeb3fa75db84982c28c08efcf29a123618b687c634aae2f7a2b1a,60.16531,24.9442,00000000fdda10fe,23.56
1462,2019-08-04T02:00:17Z,e8e8a9de5f61b99c3112c21d7e04620774bb5b9c615ec741aa5e8f66,60.1538,24.95595,0000000038bf9618,23.56
1463,2019-08-04T02:00:17Z,ecd3f6878f10e201456713c185926a3d85ae8b5eb2484b73f155ec5a,60.16531,24.9442,00000000fdda10fe,10.78
1464,2019-08-04T02:00:17Z,ed3b2eaece7e8846b296ad5c3f195aafb7410c95a88887d845982981,60.16762,24.95415,000000006b44cce7,21.87
1465,2019-08-04T02:00:17Z,f39586246b349fd26e26b06bfdbf9149d03895270dfe4268dd7a6848,60.1538,24.95595,0000000038bf9618,21.87
1466,2019-08-04T02:00:17Z,f8273595f5e5729d41d9da6b8dd60a5b3bd34f343f1ffe267c18d619,60.16762,24.95415,000000006b44cce7,21.87
1467,2019-08-04T02:00:17Z,f9399339c3de44774896319d3f291771cebcaf2666df1d6062469882,60.16531,24.9442,00000000fdda10fe,29.32
1468,2019-08-04T02:00:17Z,f9e28a5bfffbfa5e1f903d0e09d25b9b1f72e0e7217cb6c8ffef7d50,60.16829,24.94214,00000000afef4555,25.36
1469,2019-08-04T02:00:18Z,14c7e1511b70f4dd3359cbece1377aebb4d70531f5489eefe53d7c3c,60.16544,24.95398,0000000038d83d41,20.28
1470,2019-08-04T02:00:18Z,165ebbb4090d47319ae370f0d0854fdc1f6b79499f8b2e4d3c3533c0,60.16544,24.95398,0000000038d83d41,31.5
1471,2019-08-04T02:00:18Z,17b28910b6cbc057680693633275c4ca53938281bc38178f96c44947,60.17002,24.94407,000000006b087f40,36.27
1472,2019-08-04T02:00:18Z,297c725b456ef12d2712634b21546721cbe93224d3a5762d897404f2,60.16762,24.95415,000000006b44cce7,11.7
1473,2019-08-04T02:00:18Z,3944bc7a301be7241d1f7bc4a97f221000d535ce3d8a9af9af9b23b5,60.16531,24.9442,00000000fdda10fe,29.32
1474,2019-08-04T02:00:18Z,43b676ed3aef4c2d8846694817e76117873be52e7f788e0cb366c1c4,60.16629,24.95957,00000000fb7600be,25.36
1475,2019-08-04T02:00:18Z,43ea43e1aaac8d6d523965f79fd32aa5e5942a98e66e9b6dbaf67f8d,60.16897,24.95222,00000000aa852af1,21.87
1476,2019-08-04T02:00:18Z,43f0659ef87792b2d876153eb4b35ac5ac2db3bd5de1eb30f3303e5c,60.17002,24.94407,000000006b087f40,33.81
1477,2019-08-04T02:00:18Z,5c833bdbbf1fd3a307bb37daa4021d8b3d3342b1552dcc0989fe9b16,60.16762,24.95415,000000006b44cce7,21.87
1478,2019-08-04T02:00:18Z,5d65719c4cbf045f068d084b72302f447d5fd034413d97d13be00d0e,60.18203,24.91341,00000000342570c2,17.4
1479,2019-08-04T02:00:18Z,6066632ddc94b5c482a2d4f45ed2532e55e3fd63e414a084a596a737,60.16762,24.95415,000000006b44cce7,16.1
1480,2019-08-04T02:00:18Z,6a70e2fbced719333e21eff04fcb9cb36bae9a04d1a3d6ddd96f2c58,60.15432,24.9211,0000000019fb59c4,21.87
1481,2019-08-04T02:00:18Z,6ff437688c444238352c28f64f9d2a7d0f14d19c9ea42c225380501e,60.16762,24.95415,000000006b44cce7,18.79
1482,2019-08-04T02:00:18Z,747f2d1ebff218c0ebbdc0fdaef4cbe56633dfb46ae1b1f8c8142201,60.16762,24.95415,000000006b44cce7,13.75
1483,2019-08-04T02:00:18Z,79f136afa0dd8717337c01c70b457c464aaf0fa25b440f51a394ec23,60.16762,24.95415,000000006b44cce7,11.7
1484,2019-08-04T02:00:18Z,7de75f59d3110cdf6e742fba9785ed0399f83ea50e4c5d255adb21ff,60.16897,24.95222,00000000aa852af1,18.79
1485,2019-08-04T02:00:18Z,87dfaad29a9276ddddb1fa021d3bc23ad14824c1af16f7d87e713689,60.14951,24.92138,0000000006dd41f6,8.38
1486,2019-08-04T02:00:18Z,89982a6acf91b79a282a6b63978e946ee205f303fcd20e944e06baf0,60.16544,24.95398,0000000038d83d41,17.4
1487,2019-08-04T02:00:18Z,8c75c3289c84fe4493e1e272a77b615fe1985880c5dc68a7c1a17b53,60.16762,24.95415,000000006b44cce7,9.92
1488,2019-08-04T02:00:18Z,91d3b80de4439a4a49ddb8a04d72a0a2ec6c08f351d70232842af567,60.16762,24.95415,000000006b44cce7,23.56
1489,2019-08-04T02:00:18Z,96c0705b3062754c4e9afc471e280530de69c8820bac642f30d4022b,60.16762,24.95415,000000006b44cce7,27.28
1490,2019-08-04T02:00:18Z,a0972d97514e29907d2ba46aa19e778b1b09a7e4eda4cf9e59e50cf7,60.14947,24.91438,000000004ef3150d,31.5
1491,2019-08-04T02:00:18Z,a3b4b2c08d30b2cbabe32fd49bcbb4f45f50a3f0b0e74f856bedb831,60.16762,24.95415,000000006b44cce7,23.56
1492,2019-08-04T02:00:18Z,a91d379a4b57c5df22db0d7a041ff69f657b4b31f28554b1011fc03c,60.16544,24.95398,0000000038d83d41,33.81
1493,2019-08-04T02:00:18Z,b5fd6b317890e5ab2d79e2cd1abe61626d45a753c7337d0d40728898,60.16762,24.95415,000000006b44cce7,6.46
1494,2019-08-04T02:00:18Z,c40c37def6bf11a63a2556519a7c6233fd417cdeea2cf14f28e7c42c,60.16531,24.9442,00000000fdda10fe,31.5
1495,2019-08-04T02:00:18Z,c9cb2b9de2b21abecad29584393bea94a97f282f234f310e2468d7a7,60.16075,24.95883,00000000f1124bca,29.32
1496,2019-08-04T02:00:18Z,cf05623e4d87ce0906c0b0b7dbf53aacc1228016cd27c341228b6e76,60.18203,24.91341,00000000342570c2,20.28
1497,2019-08-04T02:00:18Z,d0bb9fef9a0ef26adcdd4732c9c20361bce49826f32c2892242831b8,60.16762,24.95415,000000006b44cce7,17.4
1498,2019-08-04T02:00:18Z,f088630d7476dae7d4b7e2bb1f10575f2c89acb4b6e061f3d57c2b40,60.16531,24.9442,00000000fdda10fe,25.36
1499,2019-08-04T02:00:18Z,f31f5bdb4a4c81da52b05c2e91ed700307625920f573cdcf68c91d19,60.16897,24.95222,00000000aa852af1,31.5
1500,2019-08-04T02:00:18Z,f6609ab1076b1105bb845595a03b41b8fbb282f79c337df5bbc9f841,60.14699,24.922,00000000a53ed894,14.89
1501,2019-08-04T02:00:18Z,fc4f3a44235f1cfc7b53f14ba2da599976a5a0a220d23b852688e485,60.17919,24.95181,000000007b5207b6,18.79
1502,2019-08-04T02:00:18Z,032a59647297ad5458cd75a64c6405172cebb8eb2f33b7ab5ce92c4b,60.17918,24.95141,00000000675d5200,16.1
1503,2019-08-04T02:00:18Z,046d88221ec15b64bcac02c9056c3cdd39e2ce29bc8cde90aa2d7ed9,60.16897,24.95222,00000000aa852af1,11.7
1504,2019-08-04T02:00:18Z,11acd771bb0e2f3b2f3e08a7f5e80f0f44e73a715bff0585bc669672,60.17002,24.94407,000000006b087f40,29.32
1505,2019-08-04T02:00:18Z,124a6ddd121114d11fcde48234ff0b8931d0f3fba2b00efd0948255c,60.16897,24.95222,00000000aa852af1,16.1
1506,2019-08-04T02:00:18Z,137a95acb1432cb5b163aa6e55df6f8d03cfd04b24a6938e6e4d659d,60.16762,24.95415,000000006b44cce7,4.5
1507,2019-08-04T02:00:18Z,1780f64a77699d00e2128b929079dfa4cbc3724f901639c7ca5049f1,60.16629,24.95957,00000000fb7600be,13.75
1508,2019-08-04T02:00:18Z,1dacfb371d75dd4f90f447aac2a00faad98beb4188a6971c19eb2375,60.16629,24.95957,00000000fb7600be,23.56
1509,2019-08-04T02:00:18Z,2696f6a462520c8284659d993a9bf0545c2b2f278e1538f7f60dd1d3,60.17002,24.94407,000000006b087f40,12.69
1510,2019-08-04T02:00:18Z,3887fec87dd40ed28900ea630ba55753da933476c2f9d019a0ad8d90,60.16829,24.94214,00000000afef4555,16.1
1511,2019-08-04T02:00:18Z,45f3f37f5104c27fc21a7db518e7a7f57b68709f23f02b5efa540f7a,60.14947,24.91438,000000004ef3150d,9.92
1512,2019-08-04T02:00:18Z,584cb0b0cdd14e608c8b57c8aecc9826f9b40027e365e2438a444ea2,60.16762,24.95415,000000006b44cce7,18.79
1513,2019-08-04T02:00:18Z,5a089a2b4bb3f5a34f57f2dcafd1462570fa59744c22e9b00735e8c6,60.1538,24.95595,0000000038bf9618,29.32
1514,2019-08-04T02:00:18Z,5b38ba286ede81c9a11471ce08cd97abc4c3ed7c2bdd99d927a013f1,60.1538,24.95595,0000000038bf9618,38.87
1515,2019-08-04T02:00:18Z,5fe8361986b55846f6d1ec3097d8574942a395272565380955783578,60.16829,24.94214,00000000afef4555,36.27
1516,2019-08-04T02:00:18Z,699b48bb93c5befb62ff0686e75f158406b659f14daec16ab66d4499,60.15432,24.9211,0000000019fb59c4,21.87
1517,2019-08-04T02:00:18Z,6ff48066dbbd91fad556cf8d4584f5f79f7961521855734e82e4c187,60.16762,24.95415,000000006b44cce7,7.05
1518,2019-08-04T02:00:18Z,70cc7b0a8e166380ca0fbc55a58d9a59c9de9f05a9f95ebb82482d5a,60.16762,24.95415,000000006b44cce7,10.78
1519,2019-08-04T02:00:18Z,72e41e18be36571bb9da70ab3087ef307dd5f0366829c8d0457c9685,60.16829,24.94214,00000000afef4555,13.75
1520,2019-08-04T02:00:18Z,74cb545f76f0bfc5498607247e26e814276a11ce91f77208054ecbc5,60.17002,24.94407,000000006b087f40,21.87
1521,2019-08-04T02:00:18Z,7b91d732042030189a304f65807ba95cf9e2445e16fd7666747e7e56,60.1538,24.95595,0000000038bf9618,25.36
1522,2019-08-04T02:00:18Z,7bafc9b6f74b521018b3c6eb85088f47050dae502879caa96dcb94a6,60.1538,24.95595,0000000038bf9618,11.7
1523,2019-08-04T02:00:18Z,8b49994992a96e97c5f92629f1aca931941db8b36050ac6b25c3c67f,60.16897,24.95222,00000000aa852af1,14.89
1524,2019-08-04T02:00:18Z,9173442e2f747f902896659a35f9782497dbe91c8c5c8e5b2c712fba,60.16897,24.95222,00000000aa852af1,14.89
1525,2019-08-04T02:00:18Z,9885232e95a8b6b4437174be089c6af71b1fe0bddfea879d306b3041,60.17002,24.94407,000000006b087f40,16.1
1526,2019-08-04T02:00:18Z,a12dfe20bcda9301943010682dd87a01ab2662611ca795c4ff1fe6c6,60.16531,24.9442,00000000fdda10fe,25.36
1527,2019-08-04T02:00:18Z,a6ef5803703844038809924894eda35e25c165a826ee9c3f14bc41d7,60.17919,24.95181,000000007b5207b6,17.4
1528,2019-08-04T02:00:18Z,aa1d7752e4be44a55f5bfc8df2f6c278afe69b5b19b79702a22908f8,60.1538,24.95595,0000000038bf9618,18.79
1529,2019-08-04T02:00:18Z,b38900c896751899e1c20c791610870bbbde7839746846d07481e0c7,60.16829,24.94214,00000000afef4555,20.28
1530,2019-08-04T02:00:18Z,b506a9cd3cec63a7d46738cf85aca5e1af318642251763063cd376d8,60.16762,24.95415,000000006b44cce7,12.69
1531,2019-08-04T02:00:18Z,b6b900b0eb62ba369c75a8851299367b1ebd94fbf19ccfa3d5466248,60.1538,24.95595,0000000038bf9618,17.4
1532,2019-08-04T02:00:18Z,bc07df8cc395f6f4f5d483b2233caca5f93a6918f346e4cc3702f8cc,60.16531,24.9442,00000000fdda10fe,7.69
1533,2019-08-04T02:00:18Z,d00f32677e342c7dcb88c9fa30272e08ec9a4f49d8006dffbf598a03,60.16762,24.95415,000000006b44cce7,21.87
1534,2019-08-04T02:00:18Z,d216c5aae815b17688c826ff70440e8ff2c5b869fb63b024792f0e53,60.16829,24.94214,00000000afef4555,14.89
1535,2019-08-04T02:00:18Z,d6ad6fb5be8355cc1f877358ec4f09a2ba3df7c177e331113ef376a1,60.16829,24.94214,00000000afef4555,18.79
1536,2019-08-04T02:00:18Z,e1bc48d02d172fa89085656433b35028a10ff453a3261a2634984559,60.149,24.9843,00000000fffb8cf0,25.36
1537,2019-08-04T02:00:18Z,e5b564cf327f7db10f48bff6a13bbcb59e968da0f12c91756dfdfc09,60.16762,24.95415,000000006b44cce7,29.32
1538,2019-08-04T02:00:18Z,e7baeb3fa75db84982c28c08efcf29a123618b687c634aae2f7a2b1a,60.16531,24.9442,00000000fdda10fe,23.56
1539,2019-08-04T02:00:18Z,e8e8a9de5f61b99c3112c21d7e04620774bb5b9c615ec741aa5e8f66,60.1538,24.95595,0000000038bf9618,33.81
1540,2019-08-04T02:00:18Z,ecd3f6878f10e201456713c185926a3d85ae8b5eb2484b73f155ec5a,60.16531,24.9442,00000000fdda10fe,10.78
1541,2019-08-04T02:00:18Z,ed3b2eaece7e8846b296ad5c3f195aafb7410c95a88887d845982981,60.16762,24.95415,000000006b44cce7,25.36
1542,2019-08-04T02:00:18Z,f2f62de93f5e3596a61d41a7fe5f0a10b2a73b89597cc33137ff5d2f,60.16829,24.94214,00000000afef4555,25.36
1543,2019-08-04T02:00:18Z,f39586246b349fd26e26b06bfdbf9149d03895270dfe4268dd7a6848,60.1538,24.95595,0000000038bf9618,13.75
1544,2019-08-04T02:00:18Z,f8273595f5e5729d41d9da6b8dd60a5b3bd34f343f1ffe267c18d619,60.16762,24.95415,000000006b44cce7,20.28
1545,2019-08-04T02:00:18Z,f9e28a5bfffbfa5e1f903d0e09d25b9b1f72e0e7217cb6c8ffef7d50,60.16829,24.94214,00000000afef4555,25.36
1546,2019-08-04T02:00:19Z,14c7e1511b70f4dd3359cbece1377aebb4d70531f5489eefe53d7c3c,60.16544,24.95398,0000000038d83d41,21.87
1547,2019-08-04T02:00:19Z,165ebbb4090d47319ae370f0d0854fdc1f6b79499f8b2e4d3c3533c0,60.16544,24.95398,0000000038d83d41,21.87
1548,2019-08-04T02:00:19Z,17b28910b6cbc057680693633275c4ca53938281bc38178f96c44947,60.17002,24.94407,000000006b087f40,36.27
1549,2019-08-04T02:00:19Z,26926e4be2b08babaa561e74c2b488d25d4441f931b0695977758f63,60.14951,24.92138,0000000006dd41f6,27.28
1550,2019-08-04T02:00:19Z,297c725b456ef12d2712634b21546721cbe93224d3a5762d897404f2,60.16762,24.95415,000000006b44cce7,13.75
1551,2019-08-04T02:00:19Z,3944bc7a301be7241d1f7bc4a97f221000d535ce3d8a9af9af9b23b5,60.16531,24.9442,00000000fdda10fe,38.87
1552,2019-08-04T02:00:19Z,43b676ed3aef4c2d8846694817e76117873be52e7f788e0cb366c1c4,60.16629,24.95957,00000000fb7600be,29.32
1553,2019-08-04T02:00:19Z,43ea43e1aaac8d6d523965f79fd32aa5e5942a98e66e9b6dbaf67f8d,60.16897,24.95222,00000000aa852af1,20.28
1554,2019-08-04T02:00:19Z,5bbb5184fded3e51bc78e45e39917794285e6bbc72da404802a9599a,60.16531,24.9442,00000000fdda10fe,17.4
1555,2019-08-04T02:00:19Z,5c833bdbbf1fd3a307bb37daa4021d8b3d3342b1552dcc0989fe9b16,60.16762,24.95415,000000006b44cce7,9.12
1556,2019-08-04T02:00:19Z,5d65719c4cbf045f068d084b72302f447d5fd034413d97d13be00d0e,60.18203,24.91341,00000000342570c2,18.79
1557,2019-08-04T02:00:19Z,6066632ddc94b5c482a2d4f45ed2532e55e3fd63e414a084a596a737,60.16762,24.95415,000000006b44cce7,17.4
1558,2019-08-04T02:00:19Z,66dabd3229229330d23c70e9e1737429ddfe69db01f4a6a00f70fa20,60.16762,24.95415,000000006b44cce7,20.28
1559,2019-08-04T02:00:19Z,6a70e2fbced719333e21eff04fcb9cb36bae9a04d1a3d6ddd96f2c58,60.15432,24.9211,0000000019fb59c4,29.32
1560,2019-08-04T02:00:19Z,6f06341f358e61699fe1e55e986dd0554bc8da28b91daf0c5ad99db6,60.16629,24.95957,00000000fb7600be,29.32
1561,2019-08-04T02:00:19Z,6ff437688c444238352c28f64f9d2a7d0f14d19c9ea42c225380501e,60.16762,24.95415,000000006b44cce7,23.56
1562,2019-08-04T02:00:19Z,79f136afa0dd8717337c01c70b457c464aaf0fa25b440f51a394ec23,60.16762,24.95415,000000006b44cce7,12.69
1563,2019-08-04T02:00:19Z,7de75f59d3110cdf6e742fba9785ed0399f83ea50e4c5d255adb21ff,60.16897,24.95222,00000000aa852af1,23.56
1564,2019-08-04T02:00:19Z,87dfaad29a9276ddddb1fa021d3bc23ad14824c1af16f7d87e713689,60.14951,24.92138,0000000006dd41f6,8.38
1565,2019-08-04T02:00:19Z,89982a6acf91b79a282a6b63978e946ee205f303fcd20e944e06baf0,60.16544,24.95398,0000000038d83d41,25.36
1566,2019-08-04T02:00:19Z,8c75c3289c84fe4493e1e272a77b615fe1985880c5dc68a7c1a17b53,60.16762,24.95415,000000006b44cce7,13.75
1567,2019-08-04T02:00:19Z,91d3b80de4439a4a49ddb8a04d72a0a2ec6c08f351d70232842af567,60.16762,24.95415,000000006b44cce7,25.36
1568,2019-08-04T02:00:19Z,96c0705b3062754c4e9afc471e280530de69c8820bac642f30d4022b,60.16762,24.95415,000000006b44cce7,18.79
1569,2019-08-04T02:00:19Z,a3b4b2c08d30b2cbabe32fd49bcbb4f45f50a3f0b0e74f856bedb831,60.16762,24.95415,000000006b44cce7,14.89
1570,2019-08-04T02:00:19Z,a91d379a4b57c5df22db0d7a041ff69f657b4b31f28554b1011fc03c,60.16544,24.95398,0000000038d83d41,29.32
1571,2019-08-04T02:00:19Z,b33ae7715d6d2571066655c2c8954a5a364b5601869047de83410d9f,60.16629,24.95957,00000000fb7600be,18.79
1572,2019-08-04T02:00:19Z,b5fd6b317890e5ab2d79e2cd1abe61626d45a753c7337d0d40728898,60.16762,24.95415,000000006b44cce7,9.92
1573,2019-08-04T02:00:19Z,c578a1f266f1ac8f40756ab095d6d81719f90b3a1d4c4808f72ce963,60.14951,24.92138,0000000006dd41f6,25.36
1574,2019-08-04T02:00:19Z,c9cb2b9de2b21abecad29584393bea94a97f282f234f310e2468d7a7,60.16075,24.95883,00000000f1124bca,27.28
1575,2019-08-04T02:00:19Z,cf05623e4d87ce0906c0b0b7dbf53aacc1228016cd27c341228b6e76,60.18203,24.91341,00000000342570c2,18.79
1576,2019-08-04T02:00:19Z,d0bb9fef9a0ef26adcdd4732c9c20361bce49826f32c2892242831b8,60.16762,24.95415,000000006b44cce7,18.79
1577,2019-08-04T02:00:19Z,f088630d7476dae7d4b7e2bb1f10575f2c89acb4b6e061f3d57c2b40,60.16531,24.9442,00000000fdda10fe,21.87
1578,2019-08-04T02:00:19Z,f6609ab1076b1105bb845595a03b41b8fbb282f79c337df5bbc9f841,60.14699,24.922,00000000a53ed894,11.7
1579,2019-08-04T02:00:19Z,fc4f3a44235f1cfc7b53f14ba2da599976a5a0a220d23b852688e485,60.17919,24.95181,000000007b5207b6,17.4
1580,2019-08-04T02:00:19Z,011724892a67c21f50a8a7b64c70f987243ce1484910e7f193e9a622,60.16629,24.95957,00000000fb7600be,29.32
1581,2019-08-04T02:00:19Z,032a59647297ad5458cd75a64c6405172cebb8eb2f33b7ab5ce92c4b,60.17918,24.95141,00000000675d5200,14.89
1582,2019-08-04T02:00:19Z,046d88221ec15b64bcac02c9056c3cdd39e2ce29bc8cde90aa2d7ed9,60.16897,24.95222,00000000aa852af1,25.36
1583,2019-08-04T02:00:19Z,11acd771bb0e2f3b2f3e08a7f5e80f0f44e73a715bff0585bc669672,60.17002,24.94407,000000006b087f40,41.64
1584,2019-08-04T02:00:19Z,124a6ddd121114d11fcde48234ff0b8931d0f3fba2b00efd0948255c,60.16897,24.95222,00000000aa852af1,16.1
1585,2019-08-04T02:00:19Z,137a95acb1432cb5b163aa6e55df6f8d03cfd04b24a6938e6e4d659d,60.16762,24.95415,000000006b44cce7,13.75
1586,2019-08-04T02:00:19Z,16d658201a024bf88376687063f50b0d3e27086374e15780e514e09e,60.16829,24.94214,00000000afef4555,29.32
1587,2019-08-04T02:00:19Z,1780f64a77699d00e2128b929079dfa4cbc3724f901639c7ca5049f1,60.16629,24.95957,00000000fb7600be,14.89
1588,2019-08-04T02:00:19Z,1dacfb371d75dd4f90f447aac2a00faad98beb4188a6971c19eb2375,60.16629,24.95957,00000000fb7600be,27.28
1589,2019-08-04T02:00:19Z,26166cf5b9b16d54fc1561e096e46512a7b60243de6b9acdf28d33b1,60.16829,24.94214,00000000afef4555,23.56
1590,2019-08-04T02:00:19Z,2696f6a462520c8284659d993a9bf0545c2b2f278e1538f7f60dd1d3,60.17002,24.94407,000000006b087f40,10.78
1591,2019-08-04T02:00:19Z,2acdcfed6579c3f9a1683b1f56e28b2b7b75403200b054e6edd09fe7,60.1538,24.95595,0000000038bf9618,11.7
1592,2019-08-04T02:00:19Z,339f6a365c38070f7de8fbf2f831e126f72a0f5d109d5be30735cb7e,60.16897,24.95222,00000000aa852af1,38.87
1593,2019-08-04T02:00:19Z,361f937ab1057efd291aadfbf88395a903b0bbcfff8ee3afe1431a31,60.16544,24.95398,0000000038d83d41,31.5
1594,2019-08-04T02:00:19Z,406c8df3855d308047a12843434f2fac7dc6a2dba12c20edbdf06606,60.1538,24.95595,0000000038bf9618,9.12
1595,2019-08-04T02:00:19Z,45f3f37f5104c27fc21a7db518e7a7f57b68709f23f02b5efa540f7a,60.14947,24.91438,000000004ef3150d,9.12
1596,2019-08-04T02:00:19Z,47de555c057bf55633de335cbcd553c3ed54cb6937bf717f3e9c2098,60.1538,24.95595,0000000038bf9618,36.27
1597,2019-08-04T02:00:19Z,584cb0b0cdd14e608c8b57c8aecc9826f9b40027e365e2438a444ea2,60.16762,24.95415,000000006b44cce7,11.7
1598,2019-08-04T02:00:19Z,58b7c53decdf23347782d6442cb4349ee5312db1d5ba8da9e4c2af25,60.16762,24.95415,000000006b44cce7,21.87
1599,2019-08-04T02:00:19Z,5a089a2b4bb3f5a34f57f2dcafd1462570fa59744c22e9b00735e8c6,60.1538,24.95595,0000000038bf9618,29.32
1600,2019-08-04T02:00:19Z,66e7412496e5ad9efd31af7a7f1a88e1fdcd371a60adfe516dd71704,60.16829,24.94214,00000000afef4555,27.28
1601,2019-08-04T02:00:19Z,699b48bb93c5befb62ff0686e75f158406b659f14daec16ab66d4499,60.15432,24.9211,0000000019fb59c4,17.4
1602,2019-08-04T02:00:19Z,6ff48066dbbd91fad556cf8d4584f5f79f7961521855734e82e4c187,60.16762,24.95415,000000006b44cce7,3.74
1603,2019-08-04T02:00:19Z,70cc7b0a8e166380ca0fbc55a58d9a59c9de9f05a9f95ebb82482d5a,60.16762,24.95415,000000006b44cce7,11.7
1604,2019-08-04T02:00:19Z,72e41e18be36571bb9da70ab3087ef307dd5f0366829c8d0457c9685,60.16829,24.94214,00000000afef4555,12.69
1605,2019-08-04T02:00:19Z,7af0c77f50a36fde55c6116ce6fc95063a67a5db61e827b85739d62d,60.16762,24.95415,000000006b44cce7,16.1
1606,2019-08-04T02:00:19Z,7b91d732042030189a304f65807ba95cf9e2445e16fd7666747e7e56,60.1538,24.95595,0000000038bf9618,31.5
1607,2019-08-04T02:00:19Z,7bafc9b6f74b521018b3c6eb85088f47050dae502879caa96dcb94a6,60.1538,24.95595,0000000038bf9618,11.7
1608,2019-08-04T02:00:19Z,9173442e2f747f902896659a35f9782497dbe91c8c5c8e5b2c712fba,60.16897,24.95222,00000000aa852af1,10.78
1609,2019-08-04T02:00:19Z,9885232e95a8b6b4437174be089c6af71b1fe0bddfea879d306b3041,60.17002,24.94407,000000006b087f40,25.36
1610,2019-08-04T02:00:19Z,9aa6011401452463ec819f07785394855c0b49c418b8e19d5fc768df,60.1538,24.95595,0000000038bf9618,27.28
1611,2019-08-04T02:00:19Z,a12dfe20bcda9301943010682dd87a01ab2662611ca795c4ff1fe6c6,60.16531,24.9442,00000000fdda10fe,20.28
1612,2019-08-04T02:00:19Z,a6ef5803703844038809924894eda35e25c165a826ee9c3f14bc41d7,60.17919,24.95181,000000007b5207b6,17.4
1613,2019-08-04T02:00:19Z,aa1d7752e4be44a55f5bfc8df2f6c278afe69b5b19b79702a22908f8,60.1538,24.95595,0000000038bf9618,36.27
1614,2019-08-04T02:00:19Z,b38900c896751899e1c20c791610870bbbde7839746846d07481e0c7,60.16829,24.94214,00000000afef4555,21.87
1615,2019-08-04T02:00:19Z,b506a9cd3cec63a7d46738cf85aca5e1af318642251763063cd376d8,60.16762,24.95415,000000006b44cce7,12.69
1616,2019-08-04T02:00:19Z,b6b900b0eb62ba369c75a8851299367b1ebd94fbf19ccfa3d5466248,60.1538,24.95595,0000000038bf9618,18.79
1617,2019-08-04T02:00:19Z,bc07df8cc395f6f4f5d483b2233caca5f93a6918f346e4cc3702f8cc,60.16531,24.9442,00000000fdda10fe,9.12
1618,2019-08-04T02:00:19Z,c0a0ca3433586ed2ae0e448f2406fabac7292ac79d49562e0bd5cef8,60.16762,24.95415,000000006b44cce7,14.89
1619,2019-08-04T02:00:19Z,d216c5aae815b17688c826ff70440e8ff2c5b869fb63b024792f0e53,60.16829,24.94214,00000000afef4555,17.4
1620,2019-08-04T02:00:19Z,d6ad6fb5be8355cc1f877358ec4f09a2ba3df7c177e331113ef376a1,60.16829,24.94214,00000000afef4555,16.1
1621,2019-08-04T02:00:19Z,e1bc48d02d172fa89085656433b35028a10ff453a3261a2634984559,60.149,24.9843,00000000fffb8cf0,31.5
1622,2019-08-04T02:00:19Z,e8e8a9de5f61b99c3112c21d7e04620774bb5b9c615ec741aa5e8f66,60.1538,24.95595,0000000038bf9618,18.79
1623,2019-08-04T02:00:19Z,ecd3f6878f10e201456713c185926a3d85ae8b5eb2484b73f155ec5a,60.16531,24.9442,00000000fdda10fe,10.78
1624,2019-08-04T02:00:19Z,f2f62de93f5e3596a61d41a7fe5f0a10b2a73b89597cc33137ff5d2f,60.16829,24.94214,00000000afef4555,21.87
1625,2019-08-04T02:00:19Z,f39586246b349fd26e26b06bfdbf9149d03895270dfe4268dd7a6848,60.1538,24.95595,0000000038bf9618,23.56
1626,2019-08-04T02:00:20Z,14c7e1511b70f4dd3359cbece1377aebb4d70531f5489eefe53d7c3c,60.16544,24.95398,0000000038d83d41,23.56
1627,2019-08-04T02:00:20Z,165ebbb4090d47319ae370f0d0854fdc1f6b79499f8b2e4d3c3533c0,60.16544,24.95398,0000000038d83d41,29.32
1628,2019-08-04T02:00:20Z,297c725b456ef12d2712634b21546721cbe93224d3a5762d897404f2,60.16762,24.95415,000000006b44cce7,10.78
1629,2019-08-04T02:00:20Z,3944bc7a301be7241d1f7bc4a97f221000d535ce3d8a9af9af9b23b5,60.16531,24.9442,00000000fdda10fe,31.5
1630,2019-08-04T02:00:20Z,43b676ed3aef4c2d8846694817e76117873be52e7f788e0cb366c1c4,60.16629,24.95957,00000000fb7600be,25.36
1631,2019-08-04T02:00:20Z,43ea43e1aaac8d6d523965f79fd32aa5e5942a98e66e9b6dbaf67f8d,60.16897,24.95222,00000000aa852af1,14.89
1632,2019-08-04T02:00:20Z,5bbb5184fded3e51bc78e45e39917794285e6bbc72da404802a9599a,60.16531,24.9442,00000000fdda10fe,20.28
1633,2019-08-04T02:00:20Z,5c833bdbbf1fd3a307bb37daa4021d8b3d3342b1552dcc0989fe9b16,60.16762,24.95415,000000006b44cce7,18.79
1634,2019-08-04T02:00:20Z,5d65719c4cbf045f068d084b72302f447d5fd034413d97d13be00d0e,60.18203,24.91341,00000000342570c2,20.28
1635,2019-08-04T02:00:20Z,6066632ddc94b5c482a2d4f45ed2532e55e3fd63e414a084a596a737,60.16762,24.95415,000000006b44cce7,20.28
1636,2019-08-04T02:00:20Z,6a70e2fbced719333e21eff04fcb9cb36bae9a04d1a3d6ddd96f2c58,60.15432,24.9211,0000000019fb59c4,18.79
1637,2019-08-04T02:00:20Z,6f06341f358e61699fe1e55e986dd0554bc8da28b91daf0c5ad99db6,60.16629,24.95957,00000000fb7600be,33.81
1638,2019-08-04T02:00:20Z,6ff437688c444238352c28f64f9d2a7d0f14d19c9ea42c225380501e,60.16762,24.95415,000000006b44cce7,23.56
1639,2019-08-04T02:00:20Z,747f2d1ebff218c0ebbdc0fdaef4cbe56633dfb46ae1b1f8c8142201,60.16762,24.95415,000000006b44cce7,13.75
1640,2019-08-04T02:00:20Z,79f136afa0dd8717337c01c70b457c464aaf0fa25b440f51a394ec23,60.16762,24.95415,000000006b44cce7,33.81
1641,2019-08-04T02:00:20Z,7de75f59d3110cdf6e742fba9785ed0399f83ea50e4c5d255adb21ff,60.16897,24.95222,00000000aa852af1,18.79
1642,2019-08-04T02:00:20Z,87dfaad29a9276ddddb1fa021d3bc23ad14824c1af16f7d87e713689,60.14951,24.92138,0000000006dd41f6,10.78
1643,2019-08-04T02:00:20Z,89982a6acf91b79a282a6b63978e946ee205f303fcd20e944e06baf0,60.16544,24.95398,0000000038d83d41,18.79
1644,2019-08-04T02:00:20Z,8c75c3289c84fe4493e1e272a77b615fe1985880c5dc68a7c1a17b53,60.16762,24.95415,000000006b44cce7,11.7
1645,2019-08-04T02:00:20Z,91d3b80de4439a4a49ddb8a04d72a0a2ec6c08f351d70232842af567,60.16762,24.95415,000000006b44cce7,23.56
1646,2019-08-04T02:00:20Z,96c0705b3062754c4e9afc471e280530de69c8820bac642f30d4022b,60.16762,24.95415,000000006b44cce7,18.79
1647,2019-08-04T02:00:20Z,a3b4b2c08d30b2cbabe32fd49bcbb4f45f50a3f0b0e74f856bedb831,60.16762,24.95415,000000006b44cce7,18.79
1648,2019-08-04T02:00:20Z,a91d379a4b57c5df22db0d7a041ff69f657b4b31f28554b1011fc03c,60.16544,24.95398,0000000038d83d41,31.5
1649,2019-08-04T02:00:20Z,b33ae7715d6d2571066655c2c8954a5a364b5601869047de83410d9f,60.16629,24.95957,00000000fb7600be,23.56
1650,2019-08-04T02:00:20Z,b5fd6b317890e5ab2d79e2cd1abe61626d45a753c7337d0d40728898,60.16762,24.95415,000000006b44cce7,7.69
1651,2019-08-04T02:00:20Z,c9cb2b9de2b21abecad29584393bea94a97f282f234f310e2468d7a7,60.16075,24.95883,00000000f1124bca,29.32
1652,2019-08-04T02:00:20Z,cf05623e4d87ce0906c0b0b7dbf53aacc1228016cd27c341228b6e76,60.18203,24.91341,00000000342570c2,17.4
1653,2019-08-04T02:00:20Z,d0bb9fef9a0ef26adcdd4732c9c20361bce49826f32c2892242831b8,60.16762,24.95415,000000006b44cce7,18.79
1654,2019-08-04T02:00:20Z,f088630d7476dae7d4b7e2bb1f10575f2c89acb4b6e061f3d57c2b40,60.16531,24.9442,00000000fdda10fe,23.56
1655,2019-08-04T02:00:20Z,f1baf2e6f8f8efc9540b843a94791574ccbcb6268d9607cca31510af,60.16762,24.95415,000000006b44cce7,27.28
1656,2019-08-04T02:00:20Z,f6609ab1076b1105bb845595a03b41b8fbb282f79c337df5bbc9f841,60.14699,24.922,00000000a53ed894,16.1
1657,2019-08-04T02:00:20Z,fc4f3a44235f1cfc7b53f14ba2da599976a5a0a220d23b852688e485,60.17919,24.95181,000000007b5207b6,16.1
1658,2019-08-04T02:00:20Z,032a59647297ad5458cd75a64c6405172cebb8eb2f33b7ab5ce92c4b,60.17918,24.95141,00000000675d5200,17.4
1659,2019-08-04T02:00:20Z,046d88221ec15b64bcac02c9056c3cdd39e2ce29bc8cde90aa2d7ed9,60.16897,24.95222,00000000aa852af1,18.79
1660,2019-08-04T02:00:20Z,0486b4520285f3ca2132b986edabb7c19dfc5708a6c163ff40ed37b9,60.16448,24.97323,0000000053c6c2be,20.28
1661,2019-08-04T02:00:20Z,11acd771bb0e2f3b2f3e08a7f5e80f0f44e73a715bff0585bc669672,60.17002,24.94407,000000006b087f40,21.87
1662,2019-08-04T02:00:20Z,124a6ddd121114d11fcde48234ff0b8931d0f3fba2b00efd0948255c,60.16897,24.95222,00000000aa852af1,8.38
1663,2019-08-04T02:00:20Z,137a95acb1432cb5b163aa6e55df6f8d03cfd04b24a6938e6e4d659d,60.16762,24.95415,000000006b44cce7,4.5
1664,2019-08-04T02:00:20Z,1780f64a77699d00e2128b929079dfa4cbc3724f901639c7ca5049f1,60.16629,24.95957,00000000fb7600be,16.1
1665,2019-08-04T02:00:20Z,2acdcfed6579c3f9a1683b1f56e28b2b7b75403200b054e6edd09fe7,60.1538,24.95595,0000000038bf9618,20.28
1666,2019-08-04T02:00:20Z,45f3f37f5104c27fc21a7db518e7a7f57b68709f23f02b5efa540f7a,60.14947,24.91438,000000004ef3150d,13.75
1667,2019-08-04T02:00:20Z,47de555c057bf55633de335cbcd553c3ed54cb6937bf717f3e9c2098,60.1538,24.95595,0000000038bf9618,18.79
1668,2019-08-04T02:00:20Z,4933441a869df1350df5f0d62d5eb729a3e16345489767c9e3c7b25d,60.16829,24.94214,00000000afef4555,33.81
1669,2019-08-04T02:00:20Z,584cb0b0cdd14e608c8b57c8aecc9826f9b40027e365e2438a444ea2,60.16762,24.95415,000000006b44cce7,20.28
1670,2019-08-04T02:00:20Z,6ff48066dbbd91fad556cf8d4584f5f79f7961521855734e82e4c187,60.16762,24.95415,000000006b44cce7,9.12
1671,2019-08-04T02:00:20Z,70cc7b0a8e166380ca0fbc55a58d9a59c9de9f05a9f95ebb82482d5a,60.16762,24.95415,000000006b44cce7,12.69
1672,2019-08-04T02:00:20Z,71f355be08f13d640dc24a9f913f4ed2b3b255a64857aef79266e4a9,60.14699,24.922,00000000a53ed894,33.81
1673,2019-08-04T02:00:20Z,72e41e18be36571bb9da70ab3087ef307dd5f0366829c8d0457c9685,60.16829,24.94214,00000000afef4555,12.69
1674,2019-08-04T02:00:20Z,74cb545f76f0bfc5498607247e26e814276a11ce91f77208054ecbc5,60.17002,24.94407,000000006b087f40,21.87
1675,2019-08-04T02:00:20Z,7a0f425ccdf5813a089dd619056db4cf41173803f079c37bab520825,60.18203,24.91341,00000000342570c2,29.32
1676,2019-08-04T02:00:20Z,7af0c77f50a36fde55c6116ce6fc95063a67a5db61e827b85739d62d,60.16762,24.95415,000000006b44cce7,13.75
1677,2019-08-04T02:00:20Z,7bafc9b6f74b521018b3c6eb85088f47050dae502879caa96dcb94a6,60.1538,24.95595,0000000038bf9618,11.7
1678,2019-08-04T02:00:20Z,9173442e2f747f902896659a35f9782497dbe91c8c5c8e5b2c712fba,60.16897,24.95222,00000000aa852af1,10.78
1679,2019-08-04T02:00:20Z,94fb0519469907d303095ced8eea82b15282bbaf6df970a9d4025cb2,60.17002,24.94407,000000006b087f40,20.28
1680,2019-08-04T02:00:20Z,9885232e95a8b6b4437174be089c6af71b1fe0bddfea879d306b3041,60.17002,24.94407,000000006b087f40,20.28
1681,2019-08-04T02:00:20Z,a12dfe20bcda9301943010682dd87a01ab2662611ca795c4ff1fe6c6,60.16531,24.9442,00000000fdda10fe,20.28
1682,2019-08-04T02:00:20Z,a6ef5803703844038809924894eda35e25c165a826ee9c3f14bc41d7,60.17919,24.95181,000000007b5207b6,17.4
1683,2019-08-04T02:00:20Z,aa1d7752e4be44a55f5bfc8df2f6c278afe69b5b19b79702a22908f8,60.1538,24.95595,0000000038bf9618,27.28
1684,2019-08-04T02:00:20Z,b38900c896751899e1c20c791610870bbbde7839746846d07481e0c7,60.16829,24.94214,00000000afef4555,25.36
1685,2019-08-04T02:00:20Z,b506a9cd3cec63a7d46738cf85aca5e1af318642251763063cd376d8,60.16762,24.95415,000000006b44cce7,12.69
1686,2019-08-04T02:00:20Z,b6b900b0eb62ba369c75a8851299367b1ebd94fbf19ccfa3d5466248,60.1538,24.95595,0000000038bf9618,23.56
1687,2019-08-04T02:00:20Z,bc07df8cc395f6f4f5d483b2233caca5f93a6918f346e4cc3702f8cc,60.16531,24.9442,00000000fdda10fe,9.12
1688,2019-08-04T02:00:20Z,d216c5aae815b17688c826ff70440e8ff2c5b869fb63b024792f0e53,60.16829,24.94214,00000000afef4555,17.4
1689,2019-08-04T02:00:20Z,d6ad6fb5be8355cc1f877358ec4f09a2ba3df7c177e331113ef376a1,60.16829,24.94214,00000000afef4555,12.69
1690,2019-08-04T02:00:20Z,e1bc48d02d172fa89085656433b35028a10ff453a3261a2634984559,60.149,24.9843,00000000fffb8cf0,16.1
1691,2019-08-04T02:00:20Z,e30c8d515f787275f7e911287d598f569fcfc5092a203f4c001d0dc6,60.16762,24.95415,000000006b44cce7,25.36
1692,2019-08-04T02:00:20Z,e5b564cf327f7db10f48bff6a13bbcb59e968da0f12c91756dfdfc09,60.16762,24.95415,000000006b44cce7,27.28
1693,2019-08-04T02:00:20Z,e66dee158121004b2a8098c673bc0d10944147d07f5f738cb9dd32be,60.16829,24.94214,00000000afef4555,27.28
1694,2019-08-04T02:00:20Z,e7baeb3fa75db84982c28c08efcf29a123618b687c634aae2f7a2b1a,60.16531,24.9442,00000000fdda10fe,25.36
1695,2019-08-04T02:00:20Z,e8e8a9de5f61b99c3112c21d7e04620774bb5b9c615ec741aa5e8f66,60.1538,24.95595,0000000038bf9618,27.28
1696,2019-08-04T02:00:20Z,ecd3f6878f10e201456713c185926a3d85ae8b5eb2484b73f155ec5a,60.16531,24.9442,00000000fdda10fe,9.12
1697,2019-08-04T02:00:20Z,ed3b2eaece7e8846b296ad5c3f195aafb7410c95a88887d845982981,60.16762,24.95415,000000006b44cce7,17.4
1698,2019-08-04T02:00:20Z,f2f62de93f5e3596a61d41a7fe5f0a10b2a73b89597cc33137ff5d2f,60.16829,24.94214,00000000afef4555,21.87
1699,2019-08-04T02:00:20Z,f8273595f5e5729d41d9da6b8dd60a5b3bd34f343f1ffe267c18d619,60.16762,24.95415,000000006b44cce7,7.05
1700,2019-08-04T02:00:20Z,f9e28a5bfffbfa5e1f903d0e09d25b9b1f72e0e7217cb6c8ffef7d50,60.16829,24.94214,00000000afef4555,33.81
1701,2019-08-04T02:00:21Z,14c7e1511b70f4dd3359cbece1377aebb4d70531f5489eefe53d7c3c,60.16544,24.95398,0000000038d83d41,21.87
1702,2019-08-04T02:00:21Z,165ebbb4090d47319ae370f0d0854fdc1f6b79499f8b2e4d3c3533c0,60.16544,24.95398,0000000038d83d41,25.36
1703,2019-08-04T02:00:21Z,297c725b456ef12d2712634b21546721cbe93224d3a5762d897404f2,60.16762,24.95415,000000006b44cce7,12.69
1704,2019-08-04T02:00:21Z,3944bc7a301be7241d1f7bc4a97f221000d535ce3d8a9af9af9b23b5,60.16531,24.9442,00000000fdda10fe,44.58
1705,2019-08-04T02:00:21Z,43b676ed3aef4c2d8846694817e76117873be52e7f788e0cb366c1c4,60.16629,24.95957,00000000fb7600be,25.36
1706,2019-08-04T02:00:21Z,43ea43e1aaac8d6d523965f79fd32aa5e5942a98e66e9b6dbaf67f8d,60.16897,24.95222,00000000aa852af1,16.1
1707,2019-08-04T02:00:21Z,43f0659ef87792b2d876153eb4b35ac5ac2db3bd5de1eb30f3303e5c,60.17002,24.94407,000000006b087f40,31.5
1708,2019-08-04T02:00:21Z,5bbb5184fded3e51bc78e45e39917794285e6bbc72da404802a9599a,60.16531,24.9442,00000000fdda10fe,21.87
1709,2019-08-04T02:00:21Z,5c833bdbbf1fd3a307bb37daa4021d8b3d3342b1552dcc0989fe9b16,60.16762,24.95415,000000006b44cce7,9.92
1710,2019-08-04T02:00:21Z,5d65719c4cbf045f068d084b72302f447d5fd034413d97d13be00d0e,60.18203,24.91341,00000000342570c2,17.4
1711,2019-08-04T02:00:21Z,6066632ddc94b5c482a2d4f45ed2532e55e3fd63e414a084a596a737,60.16762,24.95415,000000006b44cce7,16.1
1712,2019-08-04T02:00:21Z,66dabd3229229330d23c70e9e1737429ddfe69db01f4a6a00f70fa20,60.16762,24.95415,000000006b44cce7,18.79
1713,2019-08-04T02:00:21Z,6a70e2fbced719333e21eff04fcb9cb36bae9a04d1a3d6ddd96f2c58,60.15432,24.9211,0000000019fb59c4,20.28
1714,2019-08-04T02:00:21Z,793101e1460a163336a3cac64fab8c81000c19084220aefc41e83e08,60.14951,24.92138,0000000006dd41f6,27.28
1715,2019-08-04T02:00:21Z,7986470a464b3209b8bd8128aa284404949b052dd423b443746edcff,60.14951,24.92138,0000000006dd41f6,31.5
1716,2019-08-04T02:00:21Z,79f136afa0dd8717337c01c70b457c464aaf0fa25b440f51a394ec23,60.16762,24.95415,000000006b44cce7,11.7
1717,2019-08-04T02:00:21Z,7de75f59d3110cdf6e742fba9785ed0399f83ea50e4c5d255adb21ff,60.16897,24.95222,00000000aa852af1,25.36
1718,2019-08-04T02:00:21Z,87dfaad29a9276ddddb1fa021d3bc23ad14824c1af16f7d87e713689,60.14951,24.92138,0000000006dd41f6,13.75
1719,2019-08-04T02:00:21Z,89982a6acf91b79a282a6b63978e946ee205f303fcd20e944e06baf0,60.16544,24.95398,0000000038d83d41,17.4
1720,2019-08-04T02:00:21Z,8c75c3289c84fe4493e1e272a77b615fe1985880c5dc68a7c1a17b53,60.16762,24.95415,000000006b44cce7,14.89
1721,2019-08-04T02:00:21Z,9041c42fbb1cf987ee209454d6f5fab418a20e06fd7625460be30fa6,60.16531,24.9442,00000000fdda10fe,36.27
1722,2019-08-04T02:00:21Z,91d3b80de4439a4a49ddb8a04d72a0a2ec6c08f351d70232842af567,60.16762,24.95415,000000006b44cce7,25.36
1723,2019-08-04T02:00:21Z,96c0705b3062754c4e9afc471e280530de69c8820bac642f30d4022b,60.16762,24.95415,000000006b44cce7,20.28
1724,2019-08-04T02:00:21Z,a3a21ef15e1883941a7ed2eb6150357ae068aa4b0b6ce6ca0482ea3a,60.1538,24.95595,0000000038bf9618,38.87
1725,2019-08-04T02:00:21Z,a3b4b2c08d30b2cbabe32fd49bcbb4f45f50a3f0b0e74f856bedb831,60.16762,24.95415,000000006b44cce7,9.12
1726,2019-08-04T02:00:21Z,a91d379a4b57c5df22db0d7a041ff69f657b4b31f28554b1011fc03c,60.16544,24.95398,0000000038d83d41,23.56
1727,2019-08-04T02:00:21Z,b5fd6b317890e5ab2d79e2cd1abe61626d45a753c7337d0d40728898,60.16762,24.95415,000000006b44cce7,5.91
1728,2019-08-04T02:00:21Z,c40c37def6bf11a63a2556519a7c6233fd417cdeea2cf14f28e7c42c,60.16531,24.9442,00000000fdda10fe,21.87
1729,2019-08-04T02:00:21Z,c578a1f266f1ac8f40756ab095d6d81719f90b3a1d4c4808f72ce963,60.14951,24.92138,0000000006dd41f6,25.36
1730,2019-08-04T02:00:21Z,c9cb2b9de2b21abecad29584393bea94a97f282f234f310e2468d7a7,60.16075,24.95883,00000000f1124bca,31.5
1731,2019-08-04T02:00:21Z,ce197d5eedb5498917afe7ca3f7275ffeb191f0c5d050bffa154c1d2,60.16531,24.9442,00000000fdda10fe,36.27
1732,2019-08-04T02:00:21Z,cf05623e4d87ce0906c0b0b7dbf53aacc1228016cd27c341228b6e76,60.18203,24.91341,00000000342570c2,17.4
1733,2019-08-04T02:00:21Z,d0bb9fef9a0ef26adcdd4732c9c20361bce49826f32c2892242831b8,60.16762,24.95415,000000006b44cce7,20.28
1734,2019-08-04T02:00:21Z,f088630d7476dae7d4b7e2bb1f10575f2c89acb4b6e061f3d57c2b40,60.16531,24.9442,00000000fdda10fe,31.5
1735,2019-08-04T02:00:21Z,f6609ab1076b1105bb845595a03b41b8fbb282f79c337df5bbc9f841,60.14699,24.922,00000000a53ed894,18.79
1736,2019-08-04T02:00:21Z,fc4f3a44235f1cfc7b53f14ba2da599976a5a0a220d23b852688e485,60.17919,24.95181,000000007b5207b6,20.28
1737,2019-08-04T02:00:21Z,032a59647297ad5458cd75a64c6405172cebb8eb2f33b7ab5ce92c4b,60.17918,24.95141,00000000675d5200,21.87
1738,2019-08-04T02:00:21Z,046d88221ec15b64bcac02c9056c3cdd39e2ce29bc8cde90aa2d7ed9,60.16897,24.95222,00000000aa852af1,25.36
1739,2019-08-04T02:00:21Z,0486b4520285f3ca2132b986edabb7c19dfc5708a6c163ff40ed37b9,60.16448,24.97323,0000000053c6c2be,20.28
1740,2019-08-04T02:00:21Z,11acd771bb0e2f3b2f3e08a7f5e80f0f44e73a715bff0585bc669672,60.17002,24.94407,000000006b087f40,38.87
1741,2019-08-04T02:00:21Z,124a6ddd121114d11fcde48234ff0b8931d0f3fba2b00efd0948255c,60.16897,24.95222,00000000aa852af1,9.92
1742,2019-08-04T02:00:21Z,137a95acb1432cb5b163aa6e55df6f8d03cfd04b24a6938e6e4d659d,60.16762,24.95415,000000006b44cce7,4.94
1743,2019-08-04T02:00:21Z,1780f64a77699d00e2128b929079dfa4cbc3724f901639c7ca5049f1,60.16629,24.95957,00000000fb7600be,18.79
1744,2019-08-04T02:00:21Z,2acdcfed6579c3f9a1683b1f56e28b2b7b75403200b054e6edd09fe7,60.1538,24.95595,0000000038bf9618,20.28
1745,2019-08-04T02:00:21Z,30fa308b62f0b2690eb8de9a8dcd711bb02917322258ed95a7c50362,60.17002,24.94407,000000006b087f40,33.81
1746,2019-08-04T02:00:21Z,339f6a365c38070f7de8fbf2f831e126f72a0f5d109d5be30735cb7e,60.16897,24.95222,00000000aa852af1,14.89
1747,2019-08-04T02:00:21Z,361f937ab1057efd291aadfbf88395a903b0bbcfff8ee3afe1431a31,60.16544,24.95398,0000000038d83d41,27.28
1748,2019-08-04T02:00:21Z,3846b2c6d16e1148505ccccee3bd759ac2f11b875ed06eb3e03b51f1,60.17002,24.94407,000000006b087f40,36.27
1749,2019-08-04T02:00:21Z,406c8df3855d308047a12843434f2fac7dc6a2dba12c20edbdf06606,60.1538,24.95595,0000000038bf9618,4.94
1750,2019-08-04T02:00:21Z,45f3f37f5104c27fc21a7db518e7a7f57b68709f23f02b5efa540f7a,60.14947,24.91438,000000004ef3150d,13.75
1751,2019-08-04T02:00:21Z,47de555c057bf55633de335cbcd553c3ed54cb6937bf717f3e9c2098,60.1538,24.95595,0000000038bf9618,38.87
1752,2019-08-04T02:00:21Z,4933441a869df1350df5f0d62d5eb729a3e16345489767c9e3c7b25d,60.16829,24.94214,00000000afef4555,21.87
1753,2019-08-04T02:00:21Z,4c3b8a7c738751ab5f9248766749e3c897b23514b294f34880eff55a,60.16897,24.95222,00000000aa852af1,27.28
1754,2019-08-04T02:00:21Z,584cb0b0cdd14e608c8b57c8aecc9826f9b40027e365e2438a444ea2,60.16762,24.95415,000000006b44cce7,12.69
1755,2019-08-04T02:00:21Z,699b48bb93c5befb62ff0686e75f158406b659f14daec16ab66d4499,60.15432,24.9211,0000000019fb59c4,18.79
1756,2019-08-04T02:00:21Z,6ff48066dbbd91fad556cf8d4584f5f79f7961521855734e82e4c187,60.16762,24.95415,000000006b44cce7,21.87
1757,2019-08-04T02:00:21Z,71f355be08f13d640dc24a9f913f4ed2b3b255a64857aef79266e4a9,60.14699,24.922,00000000a53ed894,27.28
1758,2019-08-04T02:00:21Z,72e41e18be36571bb9da70ab3087ef307dd5f0366829c8d0457c9685,60.16829,24.94214,00000000afef4555,29.32
1759,2019-08-04T02:00:21Z,7af0c77f50a36fde55c6116ce6fc95063a67a5db61e827b85739d62d,60.16629,24.95957,00000000fb7600be,21.87
1760,2019-08-04T02:00:21Z,7bafc9b6f74b521018b3c6eb85088f47050dae502879caa96dcb94a6,60.1538,24.95595,0000000038bf9618,9.92
1761,2019-08-04T02:00:21Z,8e7c2f7966c3527e6bc8f358d74a087474c6985f4d5dfc4546693416,60.16829,24.94214,00000000afef4555,36.27
1762,2019-08-04T02:00:21Z,9173442e2f747f902896659a35f9782497dbe91c8c5c8e5b2c712fba,60.16897,24.95222,00000000aa852af1,17.4
1763,2019-08-04T02:00:21Z,9313086be16704612615b82b0fb0a2bac8d249cbf373b54d85a5b3f1,60.1538,24.95595,0000000038bf9618,25.36
1764,2019-08-04T02:00:21Z,9885232e95a8b6b4437174be089c6af71b1fe0bddfea879d306b3041,60.17002,24.94407,000000006b087f40,13.75
1765,2019-08-04T02:00:21Z,a6ef5803703844038809924894eda35e25c165a826ee9c3f14bc41d7,60.17918,24.95141,00000000675d5200,23.56
1766,2019-08-04T02:00:21Z,aa1d7752e4be44a55f5bfc8df2f6c278afe69b5b19b79702a22908f8,60.1538,24.95595,0000000038bf9618,38.87
1767,2019-08-04T02:00:21Z,b38900c896751899e1c20c791610870bbbde7839746846d07481e0c7,60.16829,24.94214,00000000afef4555,14.89
1768,2019-08-04T02:00:21Z,b506a9cd3cec63a7d46738cf85aca5e1af318642251763063cd376d8,60.16762,24.95415,000000006b44cce7,13.75
1769,2019-08-04T02:00:21Z,b6b900b0eb62ba369c75a8851299367b1ebd94fbf19ccfa3d5466248,60.1538,24.95595,0000000038bf9618,20.28
1770,2019-08-04T02:00:21Z,bc07df8cc395f6f4f5d483b2233caca5f93a6918f346e4cc3702f8cc,60.16531,24.9442,00000000fdda10fe,10.78
1771,2019-08-04T02:00:21Z,c0a0ca3433586ed2ae0e448f2406fabac7292ac79d49562e0bd5cef8,60.16762,24.95415,000000006b44cce7,12.69
1772,2019-08-04T02:00:21Z,d00f32677e342c7dcb88c9fa30272e08ec9a4f49d8006dffbf598a03,60.16762,24.95415,000000006b44cce7,18.79
1773,2019-08-04T02:00:21Z,d216c5aae815b17688c826ff70440e8ff2c5b869fb63b024792f0e53,60.16829,24.94214,00000000afef4555,23.56
1774,2019-08-04T02:00:21Z,d6ad6fb5be8355cc1f877358ec4f09a2ba3df7c177e331113ef376a1,60.16829,24.94214,00000000afef4555,25.36
1775,2019-08-04T02:00:21Z,e1bc48d02d172fa89085656433b35028a10ff453a3261a2634984559,60.149,24.9843,00000000fffb8cf0,18.79
1776,2019-08-04T02:00:21Z,e30c8d515f787275f7e911287d598f569fcfc5092a203f4c001d0dc6,60.16762,24.95415,000000006b44cce7,21.87
1777,2019-08-04T02:00:21Z,e5b564cf327f7db10f48bff6a13bbcb59e968da0f12c91756dfdfc09,60.16762,24.95415,000000006b44cce7,21.87
1778,2019-08-04T02:00:21Z,e66dee158121004b2a8098c673bc0d10944147d07f5f738cb9dd32be,60.16829,24.94214,00000000afef4555,27.28
1779,2019-08-04T02:00:21Z,e8e8a9de5f61b99c3112c21d7e04620774bb5b9c615ec741aa5e8f66,60.1538,24.95595,0000000038bf9618,9.12
1780,2019-08-04T02:00:21Z,ecd3f6878f10e201456713c185926a3d85ae8b5eb2484b73f155ec5a,60.16531,24.9442,00000000fdda10fe,9.92
1781,2019-08-04T02:00:21Z,ed3b2eaece7e8846b296ad5c3f195aafb7410c95a88887d845982981,60.16762,24.95415,000000006b44cce7,16.1
1782,2019-08-04T02:00:21Z,f2f62de93f5e3596a61d41a7fe5f0a10b2a73b89597cc33137ff5d2f,60.16829,24.94214,00000000afef4555,20.28
1783,2019-08-04T02:00:21Z,f39586246b349fd26e26b06bfdbf9149d03895270dfe4268dd7a6848,60.1538,24.95595,0000000038bf9618,21.87
1784,2019-08-04T02:00:21Z,f8273595f5e5729d41d9da6b8dd60a5b3bd34f343f1ffe267c18d619,60.16762,24.95415,000000006b44cce7,9.92
1785,2019-08-04T02:00:21Z,f9399339c3de44774896319d3f291771cebcaf2666df1d6062469882,60.16531,24.9442,00000000fdda10fe,44.58
1786,2019-08-04T02:00:21Z,f9e28a5bfffbfa5e1f903d0e09d25b9b1f72e0e7217cb6c8ffef7d50,60.16829,24.94214,00000000afef4555,25.36
1787,2019-08-04T02:00:22Z,14c7e1511b70f4dd3359cbece1377aebb4d70531f5489eefe53d7c3c,60.16544,24.95398,0000000038d83d41,23.56
1788,2019-08-04T02:00:22Z,165ebbb4090d47319ae370f0d0854fdc1f6b79499f8b2e4d3c3533c0,60.16544,24.95398,0000000038d83d41,27.28
1789,2019-08-04T02:00:22Z,297c725b456ef12d2712634b21546721cbe93224d3a5762d897404f2,60.16762,24.95415,000000006b44cce7,9.92
1790,2019-08-04T02:00:22Z,3944bc7a301be7241d1f7bc4a97f221000d535ce3d8a9af9af9b23b5,60.16531,24.9442,00000000fdda10fe,29.32
1791,2019-08-04T02:00:22Z,43b676ed3aef4c2d8846694817e76117873be52e7f788e0cb366c1c4,60.16629,24.95957,00000000fb7600be,25.36
1792,2019-08-04T02:00:22Z,43ea43e1aaac8d6d523965f79fd32aa5e5942a98e66e9b6dbaf67f8d,60.16897,24.95222,00000000aa852af1,14.89
1793,2019-08-04T02:00:22Z,5bbb5184fded3e51bc78e45e39917794285e6bbc72da404802a9599a,60.16531,24.9442,00000000fdda10fe,25.36
1794,2019-08-04T02:00:22Z,5c833bdbbf1fd3a307bb37daa4021d8b3d3342b1552dcc0989fe9b16,60.16762,24.95415,000000006b44cce7,23.56
1795,2019-08-04T02:00:22Z,5d65719c4cbf045f068d084b72302f447d5fd034413d97d13be00d0e,60.18203,24.91341,00000000342570c2,17.4
1796,2019-08-04T02:00:22Z,6066632ddc94b5c482a2d4f45ed2532e55e3fd63e414a084a596a737,60.16762,24.95415,000000006b44cce7,17.4
1797,2019-08-04T02:00:22Z,66dabd3229229330d23c70e9e1737429ddfe69db01f4a6a00f70fa20,60.16762,24.95415,000000006b44cce7,21.87
1798,2019-08-04T02:00:22Z,6a70e2fbced719333e21eff04fcb9cb36bae9a04d1a3d6ddd96f2c58,60.15432,24.9211,0000000019fb59c4,20.28
1799,2019-08-04T02:00:22Z,747f2d1ebff218c0ebbdc0fdaef4cbe56633dfb46ae1b1f8c8142201,60.16762,24.95415,000000006b44cce7,14.89
1800,2019-08-04T02:00:22Z,79f136afa0dd8717337c01c70b457c464aaf0fa25b440f51a394ec23,60.16762,24.95415,000000006b44cce7,14.89
1801,2019-08-04T02:00:22Z,7de75f59d3110cdf6e742fba9785ed0399f83ea50e4c5d255adb21ff,60.16897,24.95222,00000000aa852af1,20.28
1802,2019-08-04T02:00:22Z,87dfaad29a9276ddddb1fa021d3bc23ad14824c1af16f7d87e713689,60.14951,24.92138,0000000006dd41f6,7.69
1803,2019-08-04T02:00:22Z,89982a6acf91b79a282a6b63978e946ee205f303fcd20e944e06baf0,60.16544,24.95398,0000000038d83d41,38.87
1804,2019-08-04T02:00:22Z,8c75c3289c84fe4493e1e272a77b615fe1985880c5dc68a7c1a17b53,60.16762,24.95415,000000006b44cce7,10.78
1805,2019-08-04T02:00:22Z,a3b4b2c08d30b2cbabe32fd49bcbb4f45f50a3f0b0e74f856bedb831,60.16762,24.95415,000000006b44cce7,12.69
1806,2019-08-04T02:00:22Z,a91d379a4b57c5df22db0d7a041ff69f657b4b31f28554b1011fc03c,60.16544,24.95398,0000000038d83d41,23.56
1807,2019-08-04T02:00:22Z,b33ae7715d6d2571066655c2c8954a5a364b5601869047de83410d9f,60.16629,24.95957,00000000fb7600be,21.87
1808,2019-08-04T02:00:22Z,b5fd6b317890e5ab2d79e2cd1abe61626d45a753c7337d0d40728898,60.16762,24.95415,000000006b44cce7,9.12
1809,2019-08-04T02:00:22Z,c9cb2b9de2b21abecad29584393bea94a97f282f234f310e2468d7a7,60.16075,24.95883,00000000f1124bca,25.36
1810,2019-08-04T02:00:22Z,cf05623e4d87ce0906c0b0b7dbf53aacc1228016cd27c341228b6e76,60.18203,24.91341,00000000342570c2,18.79
1811,2019-08-04T02:00:22Z,d0bb9fef9a0ef26adcdd4732c9c20361bce49826f32c2892242831b8,60.16762,24.95415,000000006b44cce7,18.79
1812,2019-08-04T02:00:22Z,f088630d7476dae7d4b7e2bb1f10575f2c89acb4b6e061f3d57c2b40,60.16531,24.9442,00000000fdda10fe,31.5
1813,2019-08-04T02:00:22Z,f31f5bdb4a4c81da52b05c2e91ed700307625920f573cdcf68c91d19,60.16897,24.95222,00000000aa852af1,31.5
1814,2019-08-04T02:00:22Z,f6609ab1076b1105bb845595a03b41b8fbb282f79c337df5bbc9f841,60.14699,24.922,00000000a53ed894,10.78
1815,2019-08-04T02:00:22Z,fc4f3a44235f1cfc7b53f14ba2da599976a5a0a220d23b852688e485,60.17919,24.95181,000000007b5207b6,16.1
1816,2019-08-04T02:00:22Z,ff27e3a9af8f0e98635eb22fa40f53c8ba8452eb24bf16bc715508ea,60.16762,24.95415,000000006b44cce7,29.32
1817,2019-08-04T02:00:22Z,032a59647297ad5458cd75a64c6405172cebb8eb2f33b7ab5ce92c4b,60.17918,24.95141,00000000675d5200,31.5
1818,2019-08-04T02:00:22Z,046d88221ec15b64bcac02c9056c3cdd39e2ce29bc8cde90aa2d7ed9,60.16897,24.95222,00000000aa852af1,27.28
1819,2019-08-04T02:00:22Z,0486b4520285f3ca2132b986edabb7c19dfc5708a6c163ff40ed37b9,60.16448,24.97323,0000000053c6c2be,18.79
1820,2019-08-04T02:00:22Z,124a6ddd121114d11fcde48234ff0b8931d0f3fba2b00efd0948255c,60.16897,24.95222,00000000aa852af1,9.12
1821,2019-08-04T02:00:22Z,137a95acb1432cb5b163aa6e55df6f8d03cfd04b24a6938e6e4d659d,60.16762,24.95415,000000006b44cce7,4.5
1822,2019-08-04T02:00:22Z,16d658201a024bf88376687063f50b0d3e27086374e15780e514e09e,60.16829,24.94214,00000000afef4555,25.36
1823,2019-08-04T02:00:22Z,1780f64a77699d00e2128b929079dfa4cbc3724f901639c7ca5049f1,60.16629,24.95957,00000000fb7600be,13.75
1824,2019-08-04T02:00:22Z,2696f6a462520c8284659d993a9bf0545c2b2f278e1538f7f60dd1d3,60.17002,24.94407,000000006b087f40,12.69
1825,2019-08-04T02:00:22Z,2acdcfed6579c3f9a1683b1f56e28b2b7b75403200b054e6edd09fe7,60.1538,24.95595,0000000038bf9618,23.56
1826,2019-08-04T02:00:22Z,339f6a365c38070f7de8fbf2f831e126f72a0f5d109d5be30735cb7e,60.16897,24.95222,00000000aa852af1,17.4
1827,2019-08-04T02:00:22Z,3846b2c6d16e1148505ccccee3bd759ac2f11b875ed06eb3e03b51f1,60.17002,24.94407,000000006b087f40,36.27
1828,2019-08-04T02:00:22Z,45f3f37f5104c27fc21a7db518e7a7f57b68709f23f02b5efa540f7a,60.14947,24.91438,000000004ef3150d,12.69
1829,2019-08-04T02:00:22Z,4933441a869df1350df5f0d62d5eb729a3e16345489767c9e3c7b25d,60.16829,24.94214,00000000afef4555,36.27
1830,2019-08-04T02:00:22Z,584cb0b0cdd14e608c8b57c8aecc9826f9b40027e365e2438a444ea2,60.16762,24.95415,000000006b44cce7,11.7
1831,2019-08-04T02:00:22Z,58b7c53decdf23347782d6442cb4349ee5312db1d5ba8da9e4c2af25,60.16762,24.95415,000000006b44cce7,20.28
1832,2019-08-04T02:00:22Z,699b48bb93c5befb62ff0686e75f158406b659f14daec16ab66d4499,60.15432,24.9211,0000000019fb59c4,20.28
1833,2019-08-04T02:00:22Z,6ff48066dbbd91fad556cf8d4584f5f79f7961521855734e82e4c187,60.16762,24.95415,000000006b44cce7,17.4
1834,2019-08-04T02:00:22Z,70cc7b0a8e166380ca0fbc55a58d9a59c9de9f05a9f95ebb82482d5a,60.16762,24.95415,000000006b44cce7,10.78
1835,2019-08-04T02:00:22Z,72e41e18be36571bb9da70ab3087ef307dd5f0366829c8d0457c9685,60.16829,24.94214,00000000afef4555,11.7
1836,2019-08-04T02:00:22Z,74cb545f76f0bfc5498607247e26e814276a11ce91f77208054ecbc5,60.17002,24.94407,000000006b087f40,27.28
1837,2019-08-04T02:00:22Z,7af0c77f50a36fde55c6116ce6fc95063a67a5db61e827b85739d62d,60.16762,24.95415,000000006b44cce7,14.89
1838,2019-08-04T02:00:22Z,7b91d732042030189a304f65807ba95cf9e2445e16fd7666747e7e56,60.1538,24.95595,0000000038bf9618,21.87
1839,2019-08-04T02:00:22Z,7bafc9b6f74b521018b3c6eb85088f47050dae502879caa96dcb94a6,60.1538,24.95595,0000000038bf9618,12.69
1840,2019-08-04T02:00:22Z,8b49994992a96e97c5f92629f1aca931941db8b36050ac6b25c3c67f,60.16897,24.95222,00000000aa852af1,25.36
1841,2019-08-04T02:00:22Z,9173442e2f747f902896659a35f9782497dbe91c8c5c8e5b2c712fba,60.16897,24.95222,00000000aa852af1,9.12
1842,2019-08-04T02:00:22Z,9313086be16704612615b82b0fb0a2bac8d249cbf373b54d85a5b3f1,60.1538,24.95595,0000000038bf9618,31.5
1843,2019-08-04T02:00:22Z,9885232e95a8b6b4437174be089c6af71b1fe0bddfea879d306b3041,60.17002,24.94407,000000006b087f40,20.28
1844,2019-08-04T02:00:22Z,9aa6011401452463ec819f07785394855c0b49c418b8e19d5fc768df,60.1538,24.95595,0000000038bf9618,27.28
1845,2019-08-04T02:00:22Z,a12dfe20bcda9301943010682dd87a01ab2662611ca795c4ff1fe6c6,60.16531,24.9442,00000000fdda10fe,20.28
1846,2019-08-04T02:00:22Z,a6ef5803703844038809924894eda35e25c165a826ee9c3f14bc41d7,60.17918,24.95141,00000000675d5200,9.92
1847,2019-08-04T02:00:22Z,aa1d7752e4be44a55f5bfc8df2f6c278afe69b5b19b79702a22908f8,60.1538,24.95595,0000000038bf9618,17.4
1848,2019-08-04T02:00:22Z,b38900c896751899e1c20c791610870bbbde7839746846d07481e0c7,60.16829,24.94214,00000000afef4555,14.89
1849,2019-08-04T02:00:22Z,b506a9cd3cec63a7d46738cf85aca5e1af318642251763063cd376d8,60.16762,24.95415,000000006b44cce7,25.36
1850,2019-08-04T02:00:22Z,b6b900b0eb62ba369c75a8851299367b1ebd94fbf19ccfa3d5466248,60.1538,24.95595,0000000038bf9618,31.5
1851,2019-08-04T02:00:22Z,bc07df8cc395f6f4f5d483b2233caca5f93a6918f346e4cc3702f8cc,60.16531,24.9442,00000000fdda10fe,9.92
1852,2019-08-04T02:00:22Z,c9ce14e0dbf0cf3c24f6a92a1930fa32de9a1de0ffe63082ccddb0d6,60.16448,24.97323,0000000053c6c2be,33.81
1853,2019-08-04T02:00:22Z,d00f32677e342c7dcb88c9fa30272e08ec9a4f49d8006dffbf598a03,60.16762,24.95415,000000006b44cce7,23.56
1854,2019-08-04T02:00:22Z,d216c5aae815b17688c826ff70440e8ff2c5b869fb63b024792f0e53,60.16829,24.94214,00000000afef4555,21.87
1855,2019-08-04T02:00:22Z,d2385ee2268e25ac4ecb903a337a6e512910a99cd4349e54eb5eaa72,60.17002,24.94407,000000006b087f40,36.27
1856,2019-08-04T02:00:22Z,d6ad6fb5be8355cc1f877358ec4f09a2ba3df7c177e331113ef376a1,60.16829,24.94214,00000000afef4555,20.28
1857,2019-08-04T02:00:22Z,e1bc48d02d172fa89085656433b35028a10ff453a3261a2634984559,60.149,24.9843,00000000fffb8cf0,14.89
1858,2019-08-04T02:00:22Z,e30c8d515f787275f7e911287d598f569fcfc5092a203f4c001d0dc6,60.16762,24.95415,000000006b44cce7,16.1
1859,2019-08-04T02:00:22Z,e8e8a9de5f61b99c3112c21d7e04620774bb5b9c615ec741aa5e8f66,60.1538,24.95595,0000000038bf9618,8.38
1860,2019-08-04T02:00:22Z,ed3b2eaece7e8846b296ad5c3f195aafb7410c95a88887d845982981,60.16762,24.95415,000000006b44cce7,16.1
1861,2019-08-04T02:00:22Z,f2f62de93f5e3596a61d41a7fe5f0a10b2a73b89597cc33137ff5d2f,60.16829,24.94214,00000000afef4555,29.32
1862,2019-08-04T02:00:22Z,f39586246b349fd26e26b06bfdbf9149d03895270dfe4268dd7a6848,60.1538,24.95595,0000000038bf9618,18.79
1863,2019-08-04T02:00:22Z,f8273595f5e5729d41d9da6b8dd60a5b3bd34f343f1ffe267c18d619,60.16762,24.95415,000000006b44cce7,9.92
1864,2019-08-04T02:00:22Z,f9e28a5bfffbfa5e1f903d0e09d25b9b1f72e0e7217cb6c8ffef7d50,60.16829,24.94214,00000000afef4555,18.79
1865,2019-08-04T02:00:23Z,14c7e1511b70f4dd3359cbece1377aebb4d70531f5489eefe53d7c3c,60.16544,24.95398,0000000038d83d41,21.87
1866,2019-08-04T02:00:23Z,165ebbb4090d47319ae370f0d0854fdc1f6b79499f8b2e4d3c3533c0,60.16544,24.95398,0000000038d83d41,25.36
1867,2019-08-04T02:00:23Z,297c725b456ef12d2712634b21546721cbe93224d3a5762d897404f2,60.16762,24.95415,000000006b44cce7,10.78
1868,2019-08-04T02:00:23Z,3944bc7a301be7241d1f7bc4a97f221000d535ce3d8a9af9af9b23b5,60.16531,24.9442,00000000fdda10fe,31.5
1869,2019-08-04T02:00:23Z,43b676ed3aef4c2d8846694817e76117873be52e7f788e0cb366c1c4,60.16629,24.95957,00000000fb7600be,25.36
1870,2019-08-04T02:00:23Z,43ea43e1aaac8d6d523965f79fd32aa5e5942a98e66e9b6dbaf67f8d,60.16897,24.95222,00000000aa852af1,21.87
1871,2019-08-04T02:00:23Z,5c833bdbbf1fd3a307bb37daa4021d8b3d3342b1552dcc0989fe9b16,60.16762,24.95415,000000006b44cce7,9.92
1872,2019-08-04T02:00:23Z,5d65719c4cbf045f068d084b72302f447d5fd034413d97d13be00d0e,60.18203,24.91341,00000000342570c2,18.79
1873,2019-08-04T02:00:23Z,6a70e2fbced719333e21eff04fcb9cb36bae9a04d1a3d6ddd96f2c58,60.15432,24.9211,0000000019fb59c4,18.79
1874,2019-08-04T02:00:23Z,6ff437688c444238352c28f64f9d2a7d0f14d19c9ea42c225380501e,60.16762,24.95415,000000006b44cce7,21.87
1875,2019-08-04T02:00:23Z,7986470a464b3209b8bd8128aa284404949b052dd423b443746edcff,60.14951,24.92138,0000000006dd41f6,36.27
1876,2019-08-04T02:00:23Z,79f136afa0dd8717337c01c70b457c464aaf0fa25b440f51a394ec23,60.16762,24.95415,000000006b44cce7,12.69
1877,2019-08-04T02:00:23Z,7de75f59d3110cdf6e742fba9785ed0399f83ea50e4c5d255adb21ff,60.16897,24.95222,00000000aa852af1,31.5
1878,2019-08-04T02:00:23Z,87dfaad29a9276ddddb1fa021d3bc23ad14824c1af16f7d87e713689,60.14951,24.92138,0000000006dd41f6,11.7
1879,2019-08-04T02:00:23Z,89982a6acf91b79a282a6b63978e946ee205f303fcd20e944e06baf0,60.16544,24.95398,0000000038d83d41,17.4
1880,2019-08-04T02:00:23Z,8c75c3289c84fe4493e1e272a77b615fe1985880c5dc68a7c1a17b53,60.16762,24.95415,000000006b44cce7,12.69
1881,2019-08-04T02:00:23Z,a3b4b2c08d30b2cbabe32fd49bcbb4f45f50a3f0b0e74f856bedb831,60.16762,24.95415,000000006b44cce7,12.69
1882,2019-08-04T02:00:23Z,a91d379a4b57c5df22db0d7a041ff69f657b4b31f28554b1011fc03c,60.16544,24.95398,0000000038d83d41,27.28
1883,2019-08-04T02:00:23Z,b33ae7715d6d2571066655c2c8954a5a364b5601869047de83410d9f,60.16629,24.95957,00000000fb7600be,23.56
1884,2019-08-04T02:00:23Z,b5fd6b317890e5ab2d79e2cd1abe61626d45a753c7337d0d40728898,60.16762,24.95415,000000006b44cce7,7.69
1885,2019-08-04T02:00:23Z,c40c37def6bf11a63a2556519a7c6233fd417cdeea2cf14f28e7c42c,60.16531,24.9442,00000000fdda10fe,20.28
1886,2019-08-04T02:00:23Z,c9cb2b9de2b21abecad29584393bea94a97f282f234f310e2468d7a7,60.16075,24.95883,00000000f1124bca,25.36
1887,2019-08-04T02:00:23Z,ce197d5eedb5498917afe7ca3f7275ffeb191f0c5d050bffa154c1d2,60.16531,24.9442,00000000fdda10fe,29.32
1888,2019-08-04T02:00:23Z,cf05623e4d87ce0906c0b0b7dbf53aacc1228016cd27c341228b6e76,60.18203,24.91341,00000000342570c2,17.4
1889,2019-08-04T02:00:23Z,d0bb9fef9a0ef26adcdd4732c9c20361bce49826f32c2892242831b8,60.16762,24.95415,000000006b44cce7,17.4
1890,2019-08-04T02:00:23Z,f088630d7476dae7d4b7e2bb1f10575f2c89acb4b6e061f3d57c2b40,60.16531,24.9442,00000000fdda10fe,23.56
1891,2019-08-04T02:00:23Z,f1baf2e6f8f8efc9540b843a94791574ccbcb6268d9607cca31510af,60.16762,24.95415,000000006b44cce7,20.28
1892,2019-08-04T02:00:23Z,f6609ab1076b1105bb845595a03b41b8fbb282f79c337df5bbc9f841,60.14699,24.922,00000000a53ed894,14.89
1893,2019-08-04T02:00:23Z,fc4f3a44235f1cfc7b53f14ba2da599976a5a0a220d23b852688e485,60.17918,24.95141,00000000675d5200,31.5
1894,2019-08-04T02:00:23Z,032a59647297ad5458cd75a64c6405172cebb8eb2f33b7ab5ce92c4b,60.17918,24.95141,00000000675d5200,14.89
1895,2019-08-04T02:00:23Z,11acd771bb0e2f3b2f3e08a7f5e80f0f44e73a715bff0585bc669672,60.17002,24.94407,000000006b087f40,25.36
1896,2019-08-04T02:00:23Z,124a6ddd121114d11fcde48234ff0b8931d0f3fba2b00efd0948255c,60.16897,24.95222,00000000aa852af1,9.12
1897,2019-08-04T02:00:23Z,137a95acb1432cb5b163aa6e55df6f8d03cfd04b24a6938e6e4d659d,60.16762,24.95415,000000006b44cce7,11.7
1898,2019-08-04T02:00:23Z,1780f64a77699d00e2128b929079dfa4cbc3724f901639c7ca5049f1,60.16629,24.95957,00000000fb7600be,16.1
1899,2019-08-04T02:00:23Z,1dacfb371d75dd4f90f447aac2a00faad98beb4188a6971c19eb2375,60.16629,24.95957,00000000fb7600be,20.28
1900,2019-08-04T02:00:23Z,2696f6a462520c8284659d993a9bf0545c2b2f278e1538f7f60dd1d3,60.17002,24.94407,000000006b087f40,11.7
1901,2019-08-04T02:00:23Z,2acdcfed6579c3f9a1683b1f56e28b2b7b75403200b054e6edd09fe7,60.1538,24.95595,0000000038bf9618,31.5
1902,2019-08-04T02:00:23Z,339f6a365c38070f7de8fbf2f831e126f72a0f5d109d5be30735cb7e,60.16897,24.95222,00000000aa852af1,13.75
1903,2019-08-04T02:00:23Z,3887fec87dd40ed28900ea630ba55753da933476c2f9d019a0ad8d90,60.16829,24.94214,00000000afef4555,25.36
1904,2019-08-04T02:00:23Z,406c8df3855d308047a12843434f2fac7dc6a2dba12c20edbdf06606,60.1538,24.95595,0000000038bf9618,3.74
1905,2019-08-04T02:00:23Z,45f3f37f5104c27fc21a7db518e7a7f57b68709f23f02b5efa540f7a,60.14947,24.91438,000000004ef3150d,9.92
1906,2019-08-04T02:00:23Z,4933441a869df1350df5f0d62d5eb729a3e16345489767c9e3c7b25d,60.16829,24.94214,00000000afef4555,27.28
1907,2019-08-04T02:00:23Z,525fcaa2bcfbade9ef76800daa052aeb740a91f97ca5d6e1275cb745,60.16762,24.95415,000000006b44cce7,25.36
1908,2019-08-04T02:00:23Z,584cb0b0cdd14e608c8b57c8aecc9826f9b40027e365e2438a444ea2,60.16762,24.95415,000000006b44cce7,13.75
1909,2019-08-04T02:00:23Z,58b7c53decdf23347782d6442cb4349ee5312db1d5ba8da9e4c2af25,60.16762,24.95415,000000006b44cce7,18.79
1910,2019-08-04T02:00:23Z,699b48bb93c5befb62ff0686e75f158406b659f14daec16ab66d4499,60.15432,24.9211,0000000019fb59c4,21.87
1911,2019-08-04T02:00:23Z,6ff48066dbbd91fad556cf8d4584f5f79f7961521855734e82e4c187,60.16762,24.95415,000000006b44cce7,3.74
1912,2019-08-04T02:00:23Z,70cc7b0a8e166380ca0fbc55a58d9a59c9de9f05a9f95ebb82482d5a,60.16762,24.95415,000000006b44cce7,9.92
1913,2019-08-04T02:00:23Z,72e41e18be36571bb9da70ab3087ef307dd5f0366829c8d0457c9685,60.16829,24.94214,00000000afef4555,27.28
1914,2019-08-04T02:00:23Z,7af0c77f50a36fde55c6116ce6fc95063a67a5db61e827b85739d62d,60.16629,24.95957,00000000fb7600be,31.5
1915,2019-08-04T02:00:23Z,7b91d732042030189a304f65807ba95cf9e2445e16fd7666747e7e56,60.1538,24.95595,0000000038bf9618,29.32
1916,2019-08-04T02:00:23Z,7bafc9b6f74b521018b3c6eb85088f47050dae502879caa96dcb94a6,60.1538,24.95595,0000000038bf9618,13.75
1917,2019-08-04T02:00:23Z,8b49994992a96e97c5f92629f1aca931941db8b36050ac6b25c3c67f,60.16897,24.95222,00000000aa852af1,20.28
1918,2019-08-04T02:00:23Z,9173442e2f747f902896659a35f9782497dbe91c8c5c8e5b2c712fba,60.16897,24.95222,00000000aa852af1,10.78
1919,2019-08-04T02:00:23Z,94fb0519469907d303095ced8eea82b15282bbaf6df970a9d4025cb2,60.17002,24.94407,000000006b087f40,23.56
1920,2019-08-04T02:00:23Z,9885232e95a8b6b4437174be089c6af71b1fe0bddfea879d306b3041,60.17002,24.94407,000000006b087f40,17.4
1921,2019-08-04T02:00:23Z,a12dfe20bcda9301943010682dd87a01ab2662611ca795c4ff1fe6c6,60.16531,24.9442,00000000fdda10fe,17.4
1922,2019-08-04T02:00:23Z,a6ef5803703844038809924894eda35e25c165a826ee9c3f14bc41d7,60.17918,24.95141,00000000675d5200,9.92
1923,2019-08-04T02:00:23Z,aa1d7752e4be44a55f5bfc8df2f6c278afe69b5b19b79702a22908f8,60.1538,24.95595,0000000038bf9618,18.79
1924,2019-08-04T02:00:23Z,b38900c896751899e1c20c791610870bbbde7839746846d07481e0c7,60.16829,24.94214,00000000afef4555,21.87
1925,2019-08-04T02:00:23Z,bc07df8cc395f6f4f5d483b2233caca5f93a6918f346e4cc3702f8cc,60.16531,24.9442,00000000fdda10fe,7.05
1926,2019-08-04T02:00:23Z,c0a0ca3433586ed2ae0e448f2406fabac7292ac79d49562e0bd5cef8,60.16762,24.95415,000000006b44cce7,13.75
1927,2019-08-04T02:00:23Z,d216c5aae815b17688c826ff70440e8ff2c5b869fb63b024792f0e53,60.16829,24.94214,00000000afef4555,31.5
1928,2019-08-04T02:00:23Z,d2385ee2268e25ac4ecb903a337a6e512910a99cd4349e54eb5eaa72,60.17002,24.94407,000000006b087f40,31.5
1929,2019-08-04T02:00:23Z,d6ad6fb5be8355cc1f877358ec4f09a2ba3df7c177e331113ef376a1,60.16829,24.94214,00000000afef4555,20.28
1930,2019-08-04T02:00:23Z,e1bc48d02d172fa89085656433b35028a10ff453a3261a2634984559,60.149,24.9843,00000000fffb8cf0,27.28
1931,2019-08-04T02:00:23Z,e7baeb3fa75db84982c28c08efcf29a123618b687c634aae2f7a2b1a,60.16531,24.9442,00000000fdda10fe,23.56
1932,2019-08-04T02:00:23Z,e8e8a9de5f61b99c3112c21d7e04620774bb5b9c615ec741aa5e8f66,60.1538,24.95595,0000000038bf9618,11.7
1933,2019-08-04T02:00:23Z,ecd3f6878f10e201456713c185926a3d85ae8b5eb2484b73f155ec5a,60.16531,24.9442,00000000fdda10fe,7.05
1934,2019-08-04T02:00:23Z,ed3b2eaece7e8846b296ad5c3f195aafb7410c95a88887d845982981,60.16762,24.95415,000000006b44cce7,17.4
1935,2019-08-04T02:00:23Z,f2f62de93f5e3596a61d41a7fe5f0a10b2a73b89597cc33137ff5d2f,60.16829,24.94214,00000000afef4555,17.4
1936,2019-08-04T02:00:23Z,f39586246b349fd26e26b06bfdbf9149d03895270dfe4268dd7a6848,60.1538,24.95595,0000000038bf9618,29.32
1937,2019-08-04T02:00:23Z,f8273595f5e5729d41d9da6b8dd60a5b3bd34f343f1ffe267c18d619,60.16762,24.95415,000000006b44cce7,20.28
1938,2019-08-04T02:00:23Z,f9e28a5bfffbfa5e1f903d0e09d25b9b1f72e0e7217cb6c8ffef7d50,60.16829,24.94214,00000000afef4555,21.87
1939,2019-08-04T02:00:24Z,14c7e1511b70f4dd3359cbece1377aebb4d70531f5489eefe53d7c3c,60.16544,24.95398,0000000038d83d41,25.36
1940,2019-08-04T02:00:24Z,165ebbb4090d47319ae370f0d0854fdc1f6b79499f8b2e4d3c3533c0,60.16544,24.95398,0000000038d83d41,27.28
1941,2019-08-04T02:00:24Z,297c725b456ef12d2712634b21546721cbe93224d3a5762d897404f2,60.16762,24.95415,000000006b44cce7,12.69
1942,2019-08-04T02:00:24Z,3944bc7a301be7241d1f7bc4a97f221000d535ce3d8a9af9af9b23b5,60.16531,24.9442,00000000fdda10fe,25.36
1943,2019-08-04T02:00:24Z,43b676ed3aef4c2d8846694817e76117873be52e7f788e0cb366c1c4,60.16629,24.95957,00000000fb7600be,25.36
1944,2019-08-04T02:00:24Z,43ea43e1aaac8d6d523965f79fd32aa5e5942a98e66e9b6dbaf67f8d,60.16897,24.95222,00000000aa852af1,18.79
1945,2019-08-04T02:00:24Z,5bbb5184fded3e51bc78e45e39917794285e6bbc72da404802a9599a,60.16531,24.9442,00000000fdda10fe,20.28
1946,2019-08-04T02:00:24Z,5c833bdbbf1fd3a307bb37daa4021d8b3d3342b1552dcc0989fe9b16,60.16762,24.95415,000000006b44cce7,23.56
1947,2019-08-04T02:00:24Z,5d65719c4cbf045f068d084b72302f447d5fd034413d97d13be00d0e,60.18203,24.91341,00000000342570c2,17.4
1948,2019-08-04T02:00:24Z,6066632ddc94b5c482a2d4f45ed2532e55e3fd63e414a084a596a737,60.16762,24.95415,000000006b44cce7,16.1
1949,2019-08-04T02:00:24Z,66dabd3229229330d23c70e9e1737429ddfe69db01f4a6a00f70fa20,60.16762,24.95415,000000006b44cce7,20.28
1950,2019-08-04T02:00:24Z,6a70e2fbced719333e21eff04fcb9cb36bae9a04d1a3d6ddd96f2c58,60.15432,24.9211,0000000019fb59c4,20.28
1951,2019-08-04T02:00:24Z,6f06341f358e61699fe1e55e986dd0554bc8da28b91daf0c5ad99db6,60.16629,24.95957,00000000fb7600be,33.81
1952,2019-08-04T02:00:24Z,6ff437688c444238352c28f64f9d2a7d0f14d19c9ea42c225380501e,60.16762,24.95415,000000006b44cce7,21.87
1953,2019-08-04T02:00:24Z,79f136afa0dd8717337c01c70b457c464aaf0fa25b440f51a394ec23,60.16762,24.95415,000000006b44cce7,10.78
1954,2019-08-04T02:00:24Z,7de75f59d3110cdf6e742fba9785ed0399f83ea50e4c5d255adb21ff,60.16897,24.95222,00000000aa852af1,18.79
1955,2019-08-04T02:00:24Z,87dfaad29a9276ddddb1fa021d3bc23ad14824c1af16f7d87e713689,60.14951,24.92138,0000000006dd41f6,11.7
1956,2019-08-04T02:00:24Z,89982a6acf91b79a282a6b63978e946ee205f303fcd20e944e06baf0,60.16544,24.95398,0000000038d83d41,20.28
1957,2019-08-04T02:00:24Z,8c75c3289c84fe4493e1e272a77b615fe1985880c5dc68a7c1a17b53,60.16762,24.95415,000000006b44cce7,12.69
1958,2019-08-04T02:00:24Z,91d3b80de4439a4a49ddb8a04d72a0a2ec6c08f351d70232842af567,60.16762,24.95415,000000006b44cce7,23.56
1959,2019-08-04T02:00:24Z,a3b4b2c08d30b2cbabe32fd49bcbb4f45f50a3f0b0e74f856bedb831,60.16762,24.95415,000000006b44cce7,9.92
1960,2019-08-04T02:00:24Z,b33ae7715d6d2571066655c2c8954a5a364b5601869047de83410d9f,60.16629,24.95957,00000000fb7600be,23.56
1961,2019-08-04T02:00:24Z,b5fd6b317890e5ab2d79e2cd1abe61626d45a753c7337d0d40728898,60.16762,24.95415,000000006b44cce7,7.69
1962,2019-08-04T02:00:24Z,c9cb2b9de2b21abecad29584393bea94a97f282f234f310e2468d7a7,60.16075,24.95883,00000000f1124bca,29.32
1963,2019-08-04T02:00:24Z,ce197d5eedb5498917afe7ca3f7275ffeb191f0c5d050bffa154c1d2,60.16531,24.9442,00000000fdda10fe,29.32
1964,2019-08-04T02:00:24Z,cf05623e4d87ce0906c0b0b7dbf53aacc1228016cd27c341228b6e76,60.18203,24.91341,00000000342570c2,17.4
1965,2019-08-04T02:00:24Z,d0bb9fef9a0ef26adcdd4732c9c20361bce49826f32c2892242831b8,60.16762,24.95415,000000006b44cce7,16.1
1966,2019-08-04T02:00:24Z,f088630d7476dae7d4b7e2bb1f10575f2c89acb4b6e061f3d57c2b40,60.16531,24.9442,00000000fdda10fe,31.5
1967,2019-08-04T02:00:24Z,f31f5bdb4a4c81da52b05c2e91ed700307625920f573cdcf68c91d19,60.16897,24.95222,00000000aa852af1,33.81
1968,2019-08-04T02:00:24Z,f6609ab1076b1105bb845595a03b41b8fbb282f79c337df5bbc9f841,60.14699,24.922,00000000a53ed894,13.75
1969,2019-08-04T02:00:24Z,fc4f3a44235f1cfc7b53f14ba2da599976a5a0a220d23b852688e485,60.17919,24.95181,000000007b5207b6,18.79
1970,2019-08-04T02:00:24Z,ff27e3a9af8f0e98635eb22fa40f53c8ba8452eb24bf16bc715508ea,60.16762,24.95415,000000006b44cce7,29.32
1971,2019-08-04T02:00:24Z,032a59647297ad5458cd75a64c6405172cebb8eb2f33b7ab5ce92c4b,60.17918,24.95141,00000000675d5200,20.28
1972,2019-08-04T02:00:24Z,046d88221ec15b64bcac02c9056c3cdd39e2ce29bc8cde90aa2d7ed9,60.16897,24.95222,00000000aa852af1,23.56
1973,2019-08-04T02:00:24Z,11acd771bb0e2f3b2f3e08a7f5e80f0f44e73a715bff0585bc669672,60.17002,24.94407,000000006b087f40,29.32
1974,2019-08-04T02:00:24Z,124a6ddd121114d11fcde48234ff0b8931d0f3fba2b00efd0948255c,60.16897,24.95222,00000000aa852af1,9.92
1975,2019-08-04T02:00:24Z,137a95acb1432cb5b163aa6e55df6f8d03cfd04b24a6938e6e4d659d,60.16762,24.95415,000000006b44cce7,2.08
1976,2019-08-04T02:00:24Z,1780f64a77699d00e2128b929079dfa4cbc3724f901639c7ca5049f1,60.16629,24.95957,00000000fb7600be,18.79
1977,2019-08-04T02:00:24Z,2696f6a462520c8284659d993a9bf0545c2b2f278e1538f7f60dd1d3,60.17002,24.94407,000000006b087f40,12.69
1978,2019-08-04T02:00:24Z,2acdcfed6579c3f9a1683b1f56e28b2b7b75403200b054e6edd09fe7,60.1538,24.95595,0000000038bf9618,29.32
1979,2019-08-04T02:00:24Z,339f6a365c38070f7de8fbf2f831e126f72a0f5d109d5be30735cb7e,60.16897,24.95222,00000000aa852af1,16.1
1980,2019-08-04T02:00:24Z,45f3f37f5104c27fc21a7db518e7a7f57b68709f23f02b5efa540f7a,60.14947,24.91438,000000004ef3150d,10.78
1981,2019-08-04T02:00:24Z,47de555c057bf55633de335cbcd553c3ed54cb6937bf717f3e9c2098,60.1538,24.95595,0000000038bf9618,41.64
1982,2019-08-04T02:00:24Z,4933441a869df1350df5f0d62d5eb729a3e16345489767c9e3c7b25d,60.16829,24.94214,00000000afef4555,21.87
1983,2019-08-04T02:00:24Z,525fcaa2bcfbade9ef76800daa052aeb740a91f97ca5d6e1275cb745,60.16762,24.95415,000000006b44cce7,17.4
1984,2019-08-04T02:00:24Z,584cb0b0cdd14e608c8b57c8aecc9826f9b40027e365e2438a444ea2,60.16762,24.95415,000000006b44cce7,13.75
1985,2019-08-04T02:00:24Z,5a089a2b4bb3f5a34f57f2dcafd1462570fa59744c22e9b00735e8c6,60.1538,24.95595,0000000038bf9618,31.5
1986,2019-08-04T02:00:24Z,66e7412496e5ad9efd31af7a7f1a88e1fdcd371a60adfe516dd71704,60.16829,24.94214,00000000afef4555,17.4
1987,2019-08-04T02:00:24Z,699b48bb93c5befb62ff0686e75f158406b659f14daec16ab66d4499,60.15432,24.9211,0000000019fb59c4,20.28
1988,2019-08-04T02:00:24Z,6ff48066dbbd91fad556cf8d4584f5f79f7961521855734e82e4c187,60.16762,24.95415,000000006b44cce7,10.78
1989,2019-08-04T02:00:24Z,70cc7b0a8e166380ca0fbc55a58d9a59c9de9f05a9f95ebb82482d5a,60.16762,24.95415,000000006b44cce7,10.78
1990,2019-08-04T02:00:24Z,72e41e18be36571bb9da70ab3087ef307dd5f0366829c8d0457c9685,60.16829,24.94214,00000000afef4555,31.5
1991,2019-08-04T02:00:24Z,74cb545f76f0bfc5498607247e26e814276a11ce91f77208054ecbc5,60.17002,24.94407,000000006b087f40,25.36
1992,2019-08-04T02:00:24Z,7b91d732042030189a304f65807ba95cf9e2445e16fd7666747e7e56,60.1538,24.95595,0000000038bf9618,29.32
1993,2019-08-04T02:00:24Z,7bafc9b6f74b521018b3c6eb85088f47050dae502879caa96dcb94a6,60.1538,24.95595,0000000038bf9618,8.38
1994,2019-08-04T02:00:24Z,8b49994992a96e97c5f92629f1aca931941db8b36050ac6b25c3c67f,60.16897,24.95222,00000000aa852af1,21.87
1995,2019-08-04T02:00:24Z,9173442e2f747f902896659a35f9782497dbe91c8c5c8e5b2c712fba,60.16897,24.95222,00000000aa852af1,11.7
1996,2019-08-04T02:00:24Z,9313086be16704612615b82b0fb0a2bac8d249cbf373b54d85a5b3f1,60.1538,24.95595,0000000038bf9618,27.28
1997,2019-08-04T02:00:24Z,94fb0519469907d303095ced8eea82b15282bbaf6df970a9d4025cb2,60.17002,24.94407,000000006b087f40,36.27
1998,2019-08-04T02:00:24Z,9885232e95a8b6b4437174be089c6af71b1fe0bddfea879d306b3041,60.17002,24.94407,000000006b087f40,20.28
1999,2019-08-04T02:00:24Z,9aa6011401452463ec819f07785394855c0b49c418b8e19d5fc768df,60.1538,24.95595,0000000038bf9618,23.56
2000,2019-08-04T02:00:24Z,a6ef5803703844038809924894eda35e25c165a826ee9c3f14bc41d7,60.17918,24.95141,00000000675d5200,10.78
2001,2019-08-04T02:00:24Z,aa1d7752e4be44a55f5bfc8df2f6c278afe69b5b19b79702a22908f8,60.1538,24.95595,0000000038bf9618,21.87
2002,2019-08-04T02:00:24Z,b38900c896751899e1c20c791610870bbbde7839746846d07481e0c7,60.16829,24.94214,00000000afef4555,7.05
2003,2019-08-04T02:00:24Z,b506a9cd3cec63a7d46738cf85aca5e1af318642251763063cd376d8,60.16762,24.95415,000000006b44cce7,14.89
2004,2019-08-04T02:00:24Z,b6b900b0eb62ba369c75a8851299367b1ebd94fbf19ccfa3d5466248,60.1538,24.95595,0000000038bf9618,18.79
2005,2019-08-04T02:00:24Z,bc07df8cc395f6f4f5d483b2233caca5f93a6918f346e4cc3702f8cc,60.16531,24.9442,00000000fdda10fe,7.05
2006,2019-08-04T02:00:24Z,d00f32677e342c7dcb88c9fa30272e08ec9a4f49d8006dffbf598a03,60.16762,24.95415,000000006b44cce7,21.87
2007,2019-08-04T02:00:24Z,d216c5aae815b17688c826ff70440e8ff2c5b869fb63b024792f0e53,60.16829,24.94214,00000000afef4555,18.79
2008,2019-08-04T02:00:24Z,d6ad6fb5be8355cc1f877358ec4f09a2ba3df7c177e331113ef376a1,60.16829,24.94214,00000000afef4555,20.28
2009,2019-08-04T02:00:24Z,e1bc48d02d172fa89085656433b35028a10ff453a3261a2634984559,60.149,24.9843,00000000fffb8cf0,14.89
2010,2019-08-04T02:00:24Z,e30c8d515f787275f7e911287d598f569fcfc5092a203f4c001d0dc6,60.16762,24.95415,000000006b44cce7,29.32
2011,2019-08-04T02:00:24Z,e7baeb3fa75db84982c28c08efcf29a123618b687c634aae2f7a2b1a,60.16531,24.9442,00000000fdda10fe,23.56
2012,2019-08-04T02:00:24Z,e8e8a9de5f61b99c3112c21d7e04620774bb5b9c615ec741aa5e8f66,60.1538,24.95595,0000000038bf9618,7.69
2013,2019-08-04T02:00:24Z,ecd3f6878f10e201456713c185926a3d85ae8b5eb2484b73f155ec5a,60.16531,24.9442,00000000fdda10fe,7.05
2014,2019-08-04T02:00:24Z,f2f62de93f5e3596a61d41a7fe5f0a10b2a73b89597cc33137ff5d2f,60.16829,24.94214,00000000afef4555,21.87
2015,2019-08-04T02:00:24Z,f39586246b349fd26e26b06bfdbf9149d03895270dfe4268dd7a6848,60.1538,24.95595,0000000038bf9618,25.36
2016,2019-08-04T02:00:24Z,f8273595f5e5729d41d9da6b8dd60a5b3bd34f343f1ffe267c18d619,60.16762,24.95415,000000006b44cce7,7.05
2017,2019-08-04T02:00:24Z,f9399339c3de44774896319d3f291771cebcaf2666df1d6062469882,60.16531,24.9442,00000000fdda10fe,33.81
2018,2019-08-04T02:00:24Z,fa52a42bfc016af263aa6de3e51a3c8e965865253feb53003081635e,60.16829,24.94214,00000000afef4555,29.32
2019,2019-08-04T02:00:25Z,14c7e1511b70f4dd3359cbece1377aebb4d70531f5489eefe53d7c3c,60.16544,24.95398,0000000038d83d41,23.56
2020,2019-08-04T02:00:25Z,165ebbb4090d47319ae370f0d0854fdc1f6b79499f8b2e4d3c3533c0,60.16544,24.95398,0000000038d83d41,25.36
2021,2019-08-04T02:00:25Z,17b28910b6cbc057680693633275c4ca53938281bc38178f96c44947,60.17002,24.94407,000000006b087f40,31.5
2022,2019-08-04T02:00:25Z,297c725b456ef12d2712634b21546721cbe93224d3a5762d897404f2,60.16762,24.95415,000000006b44cce7,13.75
2023,2019-08-04T02:00:25Z,3944bc7a301be7241d1f7bc4a97f221000d535ce3d8a9af9af9b23b5,60.16531,24.9442,00000000fdda10fe,38.87
2024,2019-08-04T02:00:25Z,43b676ed3aef4c2d8846694817e76117873be52e7f788e0cb366c1c4,60.16629,24.95957,00000000fb7600be,25.36
2025,2019-08-04T02:00:25Z,43ea43e1aaac8d6d523965f79fd32aa5e5942a98e66e9b6dbaf67f8d,60.16897,24.95222,00000000aa852af1,25.36
2026,2019-08-04T02:00:25Z,5bbb5184fded3e51bc78e45e39917794285e6bbc72da404802a9599a,60.16531,24.9442,00000000fdda10fe,20.28
2027,2019-08-04T02:00:25Z,5c833bdbbf1fd3a307bb37daa4021d8b3d3342b1552dcc0989fe9b16,60.16762,24.95415,000000006b44cce7,17.4
2028,2019-08-04T02:00:25Z,5d65719c4cbf045f068d084b72302f447d5fd034413d97d13be00d0e,60.18203,24.91341,00000000342570c2,18.79
2029,2019-08-04T02:00:25Z,66dabd3229229330d23c70e9e1737429ddfe69db01f4a6a00f70fa20,60.16762,24.95415,000000006b44cce7,23.56
2030,2019-08-04T02:00:25Z,6a70e2fbced719333e21eff04fcb9cb36bae9a04d1a3d6ddd96f2c58,60.15432,24.9211,0000000019fb59c4,20.28
2031,2019-08-04T02:00:25Z,6f06341f358e61699fe1e55e986dd0554bc8da28b91daf0c5ad99db6,60.16629,24.95957,00000000fb7600be,25.36
2032,2019-08-04T02:00:25Z,6ff437688c444238352c28f64f9d2a7d0f14d19c9ea42c225380501e,60.16762,24.95415,000000006b44cce7,23.56
2033,2019-08-04T02:00:25Z,747f2d1ebff218c0ebbdc0fdaef4cbe56633dfb46ae1b1f8c8142201,60.16762,24.95415,000000006b44cce7,13.75
2034,2019-08-04T02:00:25Z,79f136afa0dd8717337c01c70b457c464aaf0fa25b440f51a394ec23,60.16762,24.95415,000000006b44cce7,13.75
2035,2019-08-04T02:00:25Z,7de75f59d3110cdf6e742fba9785ed0399f83ea50e4c5d255adb21ff,60.16897,24.95222,00000000aa852af1,20.28
2036,2019-08-04T02:00:25Z,87dfaad29a9276ddddb1fa021d3bc23ad14824c1af16f7d87e713689,60.14951,24.92138,0000000006dd41f6,12.69
2037,2019-08-04T02:00:25Z,89982a6acf91b79a282a6b63978e946ee205f303fcd20e944e06baf0,60.16544,24.95398,0000000038d83d41,25.36
2038,2019-08-04T02:00:25Z,8c75c3289c84fe4493e1e272a77b615fe1985880c5dc68a7c1a17b53,60.16762,24.95415,000000006b44cce7,20.28
2039,2019-08-04T02:00:25Z,a3b4b2c08d30b2cbabe32fd49bcbb4f45f50a3f0b0e74f856bedb831,60.16762,24.95415,000000006b44cce7,23.56
2040,2019-08-04T02:00:25Z,a91d379a4b57c5df22db0d7a041ff69f657b4b31f28554b1011fc03c,60.16544,24.95398,0000000038d83d41,27.28
2041,2019-08-04T02:00:25Z,b5fd6b317890e5ab2d79e2cd1abe61626d45a753c7337d0d40728898,60.16762,24.95415,000000006b44cce7,9.12
2042,2019-08-04T02:00:25Z,c578a1f266f1ac8f40756ab095d6d81719f90b3a1d4c4808f72ce963,60.14951,24.92138,0000000006dd41f6,29.32
2043,2019-08-04T02:00:25Z,c9cb2b9de2b21abecad29584393bea94a97f282f234f310e2468d7a7,60.16075,24.95883,00000000f1124bca,31.5
2044,2019-08-04T02:00:25Z,cf05623e4d87ce0906c0b0b7dbf53aacc1228016cd27c341228b6e76,60.18203,24.91341,00000000342570c2,14.89
2045,2019-08-04T02:00:25Z,d0bb9fef9a0ef26adcdd4732c9c20361bce49826f32c2892242831b8,60.16762,24.95415,000000006b44cce7,14.89
2046,2019-08-04T02:00:25Z,f088630d7476dae7d4b7e2bb1f10575f2c89acb4b6e061f3d57c2b40,60.16531,24.9442,00000000fdda10fe,27.28
2047,2019-08-04T02:00:25Z,f6609ab1076b1105bb845595a03b41b8fbb282f79c337df5bbc9f841,60.14699,24.922,00000000a53ed894,14.89
2048,2019-08-04T02:00:25Z,fc4f3a44235f1cfc7b53f14ba2da599976a5a0a220d23b852688e485,60.17918,24.95141,00000000675d5200,47.69
2049,2019-08-04T02:00:25Z,032a59647297ad5458cd75a64c6405172cebb8eb2f33b7ab5ce92c4b,60.17918,24.95141,00000000675d5200,31.5
2050,2019-08-04T02:00:25Z,046d88221ec15b64bcac02c9056c3cdd39e2ce29bc8cde90aa2d7ed9,60.16897,24.95222,00000000aa852af1,18.79
2051,2019-08-04T02:00:25Z,0486b4520285f3ca2132b986edabb7c19dfc5708a6c163ff40ed37b9,60.16448,24.97323,0000000053c6c2be,18.79
2052,2019-08-04T02:00:25Z,11acd771bb0e2f3b2f3e08a7f5e80f0f44e73a715bff0585bc669672,60.17002,24.94407,000000006b087f40,21.87
2053,2019-08-04T02:00:25Z,124a6ddd121114d11fcde48234ff0b8931d0f3fba2b00efd0948255c,60.16897,24.95222,00000000aa852af1,11.7
2054,2019-08-04T02:00:25Z,137a95acb1432cb5b163aa6e55df6f8d03cfd04b24a6938e6e4d659d,60.16762,24.95415,000000006b44cce7,5.41
2055,2019-08-04T02:00:25Z,1780f64a77699d00e2128b929079dfa4cbc3724f901639c7ca5049f1,60.16629,24.95957,00000000fb7600be,18.79
2056,2019-08-04T02:00:25Z,1dacfb371d75dd4f90f447aac2a00faad98beb4188a6971c19eb2375,60.16629,24.95957,00000000fb7600be,29.32
2057,2019-08-04T02:00:25Z,2acdcfed6579c3f9a1683b1f56e28b2b7b75403200b054e6edd09fe7,60.1538,24.95595,0000000038bf9618,13.75
2058,2019-08-04T02:00:25Z,328286707dbac37309d1754d3b260d09250047915b4c08d79c1da691,60.16762,24.95415,000000006b44cce7,27.28
2059,2019-08-04T02:00:25Z,339f6a365c38070f7de8fbf2f831e126f72a0f5d109d5be30735cb7e,60.16897,24.95222,00000000aa852af1,29.32
2060,2019-08-04T02:00:25Z,406c8df3855d308047a12843434f2fac7dc6a2dba12c20edbdf06606,60.1538,24.95595,0000000038bf9618,11.7
2061,2019-08-04T02:00:25Z,45f3f37f5104c27fc21a7db518e7a7f57b68709f23f02b5efa540f7a,60.14947,24.91438,000000004ef3150d,13.75
2062,2019-08-04T02:00:25Z,47de555c057bf55633de335cbcd553c3ed54cb6937bf717f3e9c2098,60.1538,24.95595,0000000038bf9618,27.28
2063,2019-08-04T02:00:25Z,4933441a869df1350df5f0d62d5eb729a3e16345489767c9e3c7b25d,60.16829,24.94214,00000000afef4555,31.5
2064,2019-08-04T02:00:25Z,525fcaa2bcfbade9ef76800daa052aeb740a91f97ca5d6e1275cb745,60.16762,24.95415,000000006b44cce7,14.89
2065,2019-08-04T02:00:25Z,584cb0b0cdd14e608c8b57c8aecc9826f9b40027e365e2438a444ea2,60.16762,24.95415,000000006b44cce7,13.75
2066,2019-08-04T02:00:25Z,699b48bb93c5befb62ff0686e75f158406b659f14daec16ab66d4499,60.15432,24.9211,0000000019fb59c4,18.79
2067,2019-08-04T02:00:25Z,6ff48066dbbd91fad556cf8d4584f5f79f7961521855734e82e4c187,60.16762,24.95415,000000006b44cce7,7.05
2068,2019-08-04T02:00:25Z,70cc7b0a8e166380ca0fbc55a58d9a59c9de9f05a9f95ebb82482d5a,60.16762,24.95415,000000006b44cce7,10.78
2069,2019-08-04T02:00:25Z,72e41e18be36571bb9da70ab3087ef307dd5f0366829c8d0457c9685,60.16829,24.94214,00000000afef4555,21.87
2070,2019-08-04T02:00:25Z,766fa923652ba92f13ab23349bce568d0b33dbf0ccdf7606e5e633ec,60.16531,24.9442,00000000fdda10fe,29.32
2071,2019-08-04T02:00:25Z,7b91d732042030189a304f65807ba95cf9e2445e16fd7666747e7e56,60.1538,24.95595,0000000038bf9618,25.36
2072,2019-08-04T02:00:25Z,7bafc9b6f74b521018b3c6eb85088f47050dae502879caa96dcb94a6,60.1538,24.95595,0000000038bf9618,7.05
2073,2019-08-04T02:00:25Z,8839be224a62c0ebfd04c2a31407afbbf531a4f27231aeda6f3222b4,60.17002,24.94407,000000006b087f40,20.28
2074,2019-08-04T02:00:25Z,9173442e2f747f902896659a35f9782497dbe91c8c5c8e5b2c712fba,60.16897,24.95222,00000000aa852af1,13.75
2075,2019-08-04T02:00:25Z,9313086be16704612615b82b0fb0a2bac8d249cbf373b54d85a5b3f1,60.1538,24.95595,0000000038bf9618,33.81
2076,2019-08-04T02:00:25Z,94fb0519469907d303095ced8eea82b15282bbaf6df970a9d4025cb2,60.17002,24.94407,000000006b087f40,23.56
2077,2019-08-04T02:00:25Z,9885232e95a8b6b4437174be089c6af71b1fe0bddfea879d306b3041,60.17002,24.94407,000000006b087f40,21.87
2078,2019-08-04T02:00:25Z,9aa6011401452463ec819f07785394855c0b49c418b8e19d5fc768df,60.1538,24.95595,0000000038bf9618,38.87
2079,2019-08-04T02:00:25Z,a6ef5803703844038809924894eda35e25c165a826ee9c3f14bc41d7,60.17918,24.95141,00000000675d5200,7.05
2080,2019-08-04T02:00:25Z,b38900c896751899e1c20c791610870bbbde7839746846d07481e0c7,60.16829,24.94214,00000000afef4555,10.78
2081,2019-08-04T02:00:25Z,b506a9cd3cec63a7d46738cf85aca5e1af318642251763063cd376d8,60.16762,24.95415,000000006b44cce7,18.79
2082,2019-08-04T02:00:25Z,b6b900b0eb62ba369c75a8851299367b1ebd94fbf19ccfa3d5466248,60.1538,24.95595,0000000038bf9618,21.87
2083,2019-08-04T02:00:25Z,bc07df8cc395f6f4f5d483b2233caca5f93a6918f346e4cc3702f8cc,60.16531,24.9442,00000000fdda10fe,9.12
2084,2019-08-04T02:00:25Z,c0a0ca3433586ed2ae0e448f2406fabac7292ac79d49562e0bd5cef8,60.16762,24.95415,000000006b44cce7,13.75
2085,2019-08-04T02:00:25Z,cf01a59875fd999d9698c266b7634a09f9264a5ff26a1c3c48af9069,60.17002,24.94407,000000006b087f40,31.5
2086,2019-08-04T02:00:25Z,d00f32677e342c7dcb88c9fa30272e08ec9a4f49d8006dffbf598a03,60.16762,24.95415,000000006b44cce7,18.79
2087,2019-08-04T02:00:25Z,d2385ee2268e25ac4ecb903a337a6e512910a99cd4349e54eb5eaa72,60.17002,24.94407,000000006b087f40,33.81
2088,2019-08-04T02:00:25Z,dc2e0f02adb13656668baaf52c062c10202521cf47f04a2c106becdd,60.16531,24.9442,00000000fdda10fe,31.5
2089,2019-08-04T02:00:25Z,e1bc48d02d172fa89085656433b35028a10ff453a3261a2634984559,60.149,24.9843,00000000fffb8cf0,27.28
2090,2019-08-04T02:00:25Z,e66dee158121004b2a8098c673bc0d10944147d07f5f738cb9dd32be,60.16829,24.94214,00000000afef4555,27.28
2091,2019-08-04T02:00:25Z,e8e8a9de5f61b99c3112c21d7e04620774bb5b9c615ec741aa5e8f66,60.1538,24.95595,0000000038bf9618,12.69
2092,2019-08-04T02:00:25Z,ecd3f6878f10e201456713c185926a3d85ae8b5eb2484b73f155ec5a,60.16531,24.9442,00000000fdda10fe,7.69
2093,2019-08-04T02:00:25Z,ed3b2eaece7e8846b296ad5c3f195aafb7410c95a88887d845982981,60.16762,24.95415,000000006b44cce7,16.1
2094,2019-08-04T02:00:25Z,f8273595f5e5729d41d9da6b8dd60a5b3bd34f343f1ffe267c18d619,60.16762,24.95415,000000006b44cce7,7.05
2095,2019-08-04T02:00:25Z,f9399339c3de44774896319d3f291771cebcaf2666df1d6062469882,60.16531,24.9442,00000000fdda10fe,36.27
2096,2019-08-04T02:00:25Z,fa52a42bfc016af263aa6de3e51a3c8e965865253feb53003081635e,60.16829,24.94214,00000000afef4555,25.36
2097,2019-08-04T02:00:26Z,14c7e1511b70f4dd3359cbece1377aebb4d70531f5489eefe53d7c3c,60.16544,24.95398,0000000038d83d41,25.36
2098,2019-08-04T02:00:26Z,297c725b456ef12d2712634b21546721cbe93224d3a5762d897404f2,60.16762,24.95415,000000006b44cce7,14.89
2099,2019-08-04T02:00:26Z,3944bc7a301be7241d1f7bc4a97f221000d535ce3d8a9af9af9b23b5,60.16531,24.9442,00000000fdda10fe,31.5
2100,2019-08-04T02:00:26Z,43b676ed3aef4c2d8846694817e76117873be52e7f788e0cb366c1c4,60.16629,24.95957,00000000fb7600be,27.28
2101,2019-08-04T02:00:26Z,43ea43e1aaac8d6d523965f79fd32aa5e5942a98e66e9b6dbaf67f8d,60.16897,24.95222,00000000aa852af1,20.28
2102,2019-08-04T02:00:26Z,43f0659ef87792b2d876153eb4b35ac5ac2db3bd5de1eb30f3303e5c,60.17002,24.94407,000000006b087f40,33.81
2103,2019-08-04T02:00:26Z,5bbb5184fded3e51bc78e45e39917794285e6bbc72da404802a9599a,60.16531,24.9442,00000000fdda10fe,20.28
2104,2019-08-04T02:00:26Z,5c833bdbbf1fd3a307bb37daa4021d8b3d3342b1552dcc0989fe9b16,60.16762,24.95415,000000006b44cce7,9.92
2105,2019-08-04T02:00:26Z,5d65719c4cbf045f068d084b72302f447d5fd034413d97d13be00d0e,60.18203,24.91341,00000000342570c2,17.4
2106,2019-08-04T02:00:26Z,6066632ddc94b5c482a2d4f45ed2532e55e3fd63e414a084a596a737,60.16762,24.95415,000000006b44cce7,20.28
2107,2019-08-04T02:00:26Z,66dabd3229229330d23c70e9e1737429ddfe69db01f4a6a00f70fa20,60.16762,24.95415,000000006b44cce7,20.28
2108,2019-08-04T02:00:26Z,6a70e2fbced719333e21eff04fcb9cb36bae9a04d1a3d6ddd96f2c58,60.15432,24.9211,0000000019fb59c4,21.87
2109,2019-08-04T02:00:26Z,747f2d1ebff218c0ebbdc0fdaef4cbe56633dfb46ae1b1f8c8142201,60.16762,24.95415,000000006b44cce7,12.69
2110,2019-08-04T02:00:26Z,79f136afa0dd8717337c01c70b457c464aaf0fa25b440f51a394ec23,60.16762,24.95415,000000006b44cce7,11.7
2111,2019-08-04T02:00:26Z,7de75f59d3110cdf6e742fba9785ed0399f83ea50e4c5d255adb21ff,60.16897,24.95222,00000000aa852af1,21.87
2112,2019-08-04T02:00:26Z,87dfaad29a9276ddddb1fa021d3bc23ad14824c1af16f7d87e713689,60.14951,24.92138,0000000006dd41f6,11.7
2113,2019-08-04T02:00:26Z,89982a6acf91b79a282a6b63978e946ee205f303fcd20e944e06baf0,60.16544,24.95398,0000000038d83d41,16.1
2114,2019-08-04T02:00:26Z,8c75c3289c84fe4493e1e272a77b615fe1985880c5dc68a7c1a17b53,60.16762,24.95415,000000006b44cce7,12.69
2115,2019-08-04T02:00:26Z,96c0705b3062754c4e9afc471e280530de69c8820bac642f30d4022b,60.16762,24.95415,000000006b44cce7,23.56
2116,2019-08-04T02:00:26Z,a0972d97514e29907d2ba46aa19e778b1b09a7e4eda4cf9e59e50cf7,60.14947,24.91438,000000004ef3150d,44.58
2117,2019-08-04T02:00:26Z,a28ab699dc505d3a0c490fae63a8ebb958574e13f1f64250d91db769,60.16762,24.95415,000000006b44cce7,27.28
2118,2019-08-04T02:00:26Z,a3b4b2c08d30b2cbabe32fd49bcbb4f45f50a3f0b0e74f856bedb831,60.16762,24.95415,000000006b44cce7,16.1
2119,2019-08-04T02:00:26Z,a91d379a4b57c5df22db0d7a041ff69f657b4b31f28554b1011fc03c,60.16544,24.95398,0000000038d83d41,27.28
2120,2019-08-04T02:00:26Z,b33ae7715d6d2571066655c2c8954a5a364b5601869047de83410d9f,60.16629,24.95957,00000000fb7600be,21.87
2121,2019-08-04T02:00:26Z,b5fd6b317890e5ab2d79e2cd1abe61626d45a753c7337d0d40728898,60.16762,24.95415,000000006b44cce7,7.69
2122,2019-08-04T02:00:26Z,c40c37def6bf11a63a2556519a7c6233fd417cdeea2cf14f28e7c42c,60.16531,24.9442,00000000fdda10fe,23.56
2123,2019-08-04T02:00:26Z,c9cb2b9de2b21abecad29584393bea94a97f282f234f310e2468d7a7,60.16075,24.95883,00000000f1124bca,27.28
2124,2019-08-04T02:00:26Z,cf05623e4d87ce0906c0b0b7dbf53aacc1228016cd27c341228b6e76,60.18203,24.91341,00000000342570c2,17.4
2125,2019-08-04T02:00:26Z,d0bb9fef9a0ef26adcdd4732c9c20361bce49826f32c2892242831b8,60.16762,24.95415,000000006b44cce7,20.28
2126,2019-08-04T02:00:26Z,f088630d7476dae7d4b7e2bb1f10575f2c89acb4b6e061f3d57c2b40,60.16531,24.9442,00000000fdda10fe,25.36
2127,2019-08-04T02:00:26Z,f31f5bdb4a4c81da52b05c2e91ed700307625920f573cdcf68c91d19,60.16897,24.95222,00000000aa852af1,23.56
2128,2019-08-04T02:00:26Z,f6609ab1076b1105bb845595a03b41b8fbb282f79c337df5bbc9f841,60.14699,24.922,00000000a53ed894,11.7
2129,2019-08-04T02:00:26Z,fc4f3a44235f1cfc7b53f14ba2da599976a5a0a220d23b852688e485,60.17918,24.95141,00000000675d5200,31.5
2130,2019-08-04T02:00:26Z,032a59647297ad5458cd75a64c6405172cebb8eb2f33b7ab5ce92c4b,60.17918,24.95141,00000000675d5200,16.1
2131,2019-08-04T02:00:26Z,033315d9de4e24b31697b4d26c71dec6e314545795fc0bea96aaa565,60.16829,24.94214,00000000afef4555,23.56
2132,2019-08-04T02:00:26Z,046d88221ec15b64bcac02c9056c3cdd39e2ce29bc8cde90aa2d7ed9,60.16897,24.95222,00000000aa852af1,20.28
2133,2019-08-04T02:00:26Z,0486b4520285f3ca2132b986edabb7c19dfc5708a6c163ff40ed37b9,60.16448,24.97323,0000000053c6c2be,18.79
2134,2019-08-04T02:00:26Z,11acd771bb0e2f3b2f3e08a7f5e80f0f44e73a715bff0585bc669672,60.17002,24.94407,000000006b087f40,25.36
2135,2019-08-04T02:00:26Z,124a6ddd121114d11fcde48234ff0b8931d0f3fba2b00efd0948255c,60.16897,24.95222,00000000aa852af1,7.69
2136,2019-08-04T02:00:26Z,137a95acb1432cb5b163aa6e55df6f8d03cfd04b24a6938e6e4d659d,60.16762,24.95415,000000006b44cce7,7.05
2137,2019-08-04T02:00:26Z,1780f64a77699d00e2128b929079dfa4cbc3724f901639c7ca5049f1,60.16629,24.95957,00000000fb7600be,16.1
2138,2019-08-04T02:00:26Z,1dacfb371d75dd4f90f447aac2a00faad98beb4188a6971c19eb2375,60.16629,24.95957,00000000fb7600be,23.56
2139,2019-08-04T02:00:26Z,2696f6a462520c8284659d993a9bf0545c2b2f278e1538f7f60dd1d3,60.17002,24.94407,000000006b087f40,12.69
2140,2019-08-04T02:00:26Z,2acdcfed6579c3f9a1683b1f56e28b2b7b75403200b054e6edd09fe7,60.1538,24.95595,0000000038bf9618,14.89
2141,2019-08-04T02:00:26Z,339f6a365c38070f7de8fbf2f831e126f72a0f5d109d5be30735cb7e,60.16897,24.95222,00000000aa852af1,20.28
2142,2019-08-04T02:00:26Z,45f3f37f5104c27fc21a7db518e7a7f57b68709f23f02b5efa540f7a,60.14947,24.91438,000000004ef3150d,12.69
2143,2019-08-04T02:00:26Z,525fcaa2bcfbade9ef76800daa052aeb740a91f97ca5d6e1275cb745,60.16762,24.95415,000000006b44cce7,18.79
2144,2019-08-04T02:00:26Z,584cb0b0cdd14e608c8b57c8aecc9826f9b40027e365e2438a444ea2,60.16762,24.95415,000000006b44cce7,14.89
2145,2019-08-04T02:00:26Z,6ff48066dbbd91fad556cf8d4584f5f79f7961521855734e82e4c187,60.16762,24.95415,000000006b44cce7,6.46
2146,2019-08-04T02:00:26Z,70cc7b0a8e166380ca0fbc55a58d9a59c9de9f05a9f95ebb82482d5a,60.16762,24.95415,000000006b44cce7,12.69
2147,2019-08-04T02:00:26Z,71f355be08f13d640dc24a9f913f4ed2b3b255a64857aef79266e4a9,60.14699,24.922,00000000a53ed894,31.5
2148,2019-08-04T02:00:26Z,72e41e18be36571bb9da70ab3087ef307dd5f0366829c8d0457c9685,60.16829,24.94214,00000000afef4555,33.81
2149,2019-08-04T02:00:26Z,7b91d732042030189a304f65807ba95cf9e2445e16fd7666747e7e56,60.1538,24.95595,0000000038bf9618,21.87
2150,2019-08-04T02:00:26Z,7bafc9b6f74b521018b3c6eb85088f47050dae502879caa96dcb94a6,60.1538,24.95595,0000000038bf9618,12.69
2151,2019-08-04T02:00:26Z,8b49994992a96e97c5f92629f1aca931941db8b36050ac6b25c3c67f,60.16897,24.95222,00000000aa852af1,29.32
2152,2019-08-04T02:00:26Z,9173442e2f747f902896659a35f9782497dbe91c8c5c8e5b2c712fba,60.16897,24.95222,00000000aa852af1,7.05
2153,2019-08-04T02:00:26Z,9313086be16704612615b82b0fb0a2bac8d249cbf373b54d85a5b3f1,60.1538,24.95595,0000000038bf9618,33.81
2154,2019-08-04T02:00:26Z,9885232e95a8b6b4437174be089c6af71b1fe0bddfea879d306b3041,60.17002,24.94407,000000006b087f40,29.32
2155,2019-08-04T02:00:26Z,9aa6011401452463ec819f07785394855c0b49c418b8e19d5fc768df,60.1538,24.95595,0000000038bf9618,27.28
2156,2019-08-04T02:00:26Z,a12dfe20bcda9301943010682dd87a01ab2662611ca795c4ff1fe6c6,60.16531,24.9442,00000000fdda10fe,27.28
2157,2019-08-04T02:00:26Z,a6ef5803703844038809924894eda35e25c165a826ee9c3f14bc41d7,60.17918,24.95141,00000000675d5200,9.92
2158,2019-08-04T02:00:26Z,aa1d7752e4be44a55f5bfc8df2f6c278afe69b5b19b79702a22908f8,60.1538,24.95595,0000000038bf9618,23.56
2159,2019-08-04T02:00:26Z,b38900c896751899e1c20c791610870bbbde7839746846d07481e0c7,60.16829,24.94214,00000000afef4555,17.4
2160,2019-08-04T02:00:26Z,b506a9cd3cec63a7d46738cf85aca5e1af318642251763063cd376d8,60.16762,24.95415,000000006b44cce7,13.75
2161,2019-08-04T02:00:26Z,b6b900b0eb62ba369c75a8851299367b1ebd94fbf19ccfa3d5466248,60.1538,24.95595,0000000038bf9618,17.4
2162,2019-08-04T02:00:26Z,bc07df8cc395f6f4f5d483b2233caca5f93a6918f346e4cc3702f8cc,60.16531,24.9442,00000000fdda10fe,11.7
2163,2019-08-04T02:00:26Z,c0a0ca3433586ed2ae0e448f2406fabac7292ac79d49562e0bd5cef8,60.16762,24.95415,000000006b44cce7,12.69
2164,2019-08-04T02:00:26Z,d00f32677e342c7dcb88c9fa30272e08ec9a4f49d8006dffbf598a03,60.16762,24.95415,000000006b44cce7,21.87
2165,2019-08-04T02:00:26Z,d2385ee2268e25ac4ecb903a337a6e512910a99cd4349e54eb5eaa72,60.17002,24.94407,000000006b087f40,27.28
2166,2019-08-04T02:00:26Z,dc2e0f02adb13656668baaf52c062c10202521cf47f04a2c106becdd,60.16531,24.9442,00000000fdda10fe,38.87
2167,2019-08-04T02:00:26Z,e1bc48d02d172fa89085656433b35028a10ff453a3261a2634984559,60.149,24.9843,00000000fffb8cf0,38.87
2168,2019-08-04T02:00:26Z,e30c8d515f787275f7e911287d598f569fcfc5092a203f4c001d0dc6,60.16762,24.95415,000000006b44cce7,21.87
2169,2019-08-04T02:00:26Z,e8e8a9de5f61b99c3112c21d7e04620774bb5b9c615ec741aa5e8f66,60.1538,24.95595,0000000038bf9618,11.7
2170,2019-08-04T02:00:26Z,ecd3f6878f10e201456713c185926a3d85ae8b5eb2484b73f155ec5a,60.16531,24.9442,00000000fdda10fe,9.92
2171,2019-08-04T02:00:26Z,ed3b2eaece7e8846b296ad5c3f195aafb7410c95a88887d845982981,60.16762,24.95415,000000006b44cce7,20.28
2172,2019-08-04T02:00:26Z,f39586246b349fd26e26b06bfdbf9149d03895270dfe4268dd7a6848,60.1538,24.95595,0000000038bf9618,29.32
2173,2019-08-04T02:00:26Z,f8273595f5e5729d41d9da6b8dd60a5b3bd34f343f1ffe267c18d619,60.16762,24.95415,000000006b44cce7,10.78
2174,2019-08-04T02:00:26Z,f9399339c3de44774896319d3f291771cebcaf2666df1d6062469882,60.16531,24.9442,00000000fdda10fe,31.5
2175,2019-08-04T02:00:26Z,f9e28a5bfffbfa5e1f903d0e09d25b9b1f72e0e7217cb6c8ffef7d50,60.16829,24.94214,00000000afef4555,25.36
2176,2019-08-04T02:00:26Z,fa52a42bfc016af263aa6de3e51a3c8e965865253feb53003081635e,60.16829,24.94214,00000000afef4555,17.4
2177,2019-08-04T02:00:27Z,14c7e1511b70f4dd3359cbece1377aebb4d70531f5489eefe53d7c3c,60.16544,24.95398,0000000038d83d41,20.28
2178,2019-08-04T02:00:27Z,165ebbb4090d47319ae370f0d0854fdc1f6b79499f8b2e4d3c3533c0,60.16544,24.95398,0000000038d83d41,25.36
2179,2019-08-04T02:00:27Z,17b28910b6cbc057680693633275c4ca53938281bc38178f96c44947,60.17002,24.94407,000000006b087f40,33.81
2180,2019-08-04T02:00:27Z,297c725b456ef12d2712634b21546721cbe93224d3a5762d897404f2,60.16762,24.95415,000000006b44cce7,12.69
2181,2019-08-04T02:00:27Z,43b676ed3aef4c2d8846694817e76117873be52e7f788e0cb366c1c4,60.16629,24.95957,00000000fb7600be,25.36
2182,2019-08-04T02:00:27Z,43ea43e1aaac8d6d523965f79fd32aa5e5942a98e66e9b6dbaf67f8d,60.16897,24.95222,00000000aa852af1,13.75
2183,2019-08-04T02:00:27Z,5bbb5184fded3e51bc78e45e39917794285e6bbc72da404802a9599a,60.16531,24.9442,00000000fdda10fe,21.87
2184,2019-08-04T02:00:27Z,5c833bdbbf1fd3a307bb37daa4021d8b3d3342b1552dcc0989fe9b16,60.16762,24.95415,000000006b44cce7,9.92
2185,2019-08-04T02:00:27Z,5d65719c4cbf045f068d084b72302f447d5fd034413d97d13be00d0e,60.18203,24.91341,00000000342570c2,17.4
2186,2019-08-04T02:00:27Z,66dabd3229229330d23c70e9e1737429ddfe69db01f4a6a00f70fa20,60.16762,24.95415,000000006b44cce7,21.87
2187,2019-08-04T02:00:27Z,6a70e2fbced719333e21eff04fcb9cb36bae9a04d1a3d6ddd96f2c58,60.15432,24.9211,0000000019fb59c4,21.87
2188,2019-08-04T02:00:27Z,6f06341f358e61699fe1e55e986dd0554bc8da28b91daf0c5ad99db6,60.16629,24.95957,00000000fb7600be,25.36
2189,2019-08-04T02:00:27Z,6ff437688c444238352c28f64f9d2a7d0f14d19c9ea42c225380501e,60.16762,24.95415,000000006b44cce7,23.56
2190,2019-08-04T02:00:27Z,747f2d1ebff218c0ebbdc0fdaef4cbe56633dfb46ae1b1f8c8142201,60.16762,24.95415,000000006b44cce7,14.89
2191,2019-08-04T02:00:27Z,7de75f59d3110cdf6e742fba9785ed0399f83ea50e4c5d255adb21ff,60.16897,24.95222,00000000aa852af1,21.87
2192,2019-08-04T02:00:27Z,87dfaad29a9276ddddb1fa021d3bc23ad14824c1af16f7d87e713689,60.14951,24.92138,0000000006dd41f6,11.7
2193,2019-08-04T02:00:27Z,89982a6acf91b79a282a6b63978e946ee205f303fcd20e944e06baf0,60.16544,24.95398,0000000038d83d41,29.32
2194,2019-08-04T02:00:27Z,8c75c3289c84fe4493e1e272a77b615fe1985880c5dc68a7c1a17b53,60.16762,24.95415,000000006b44cce7,13.75
2195,2019-08-04T02:00:27Z,96c0705b3062754c4e9afc471e280530de69c8820bac642f30d4022b,60.16762,24.95415,000000006b44cce7,25.36
2196,2019-08-04T02:00:27Z,a0972d97514e29907d2ba46aa19e778b1b09a7e4eda4cf9e59e50cf7,60.14947,24.91438,000000004ef3150d,31.5
2197,2019-08-04T02:00:27Z,a3b4b2c08d30b2cbabe32fd49bcbb4f45f50a3f0b0e74f856bedb831,60.16762,24.95415,000000006b44cce7,17.4
2198,2019-08-04T02:00:27Z,a91d379a4b57c5df22db0d7a041ff69f657b4b31f28554b1011fc03c,60.16544,24.95398,0000000038d83d41,38.87
2199,2019-08-04T02:00:27Z,b5fd6b317890e5ab2d79e2cd1abe61626d45a753c7337d0d40728898,60.16762,24.95415,000000006b44cce7,9.12
2200,2019-08-04T02:00:27Z,c40c37def6bf11a63a2556519a7c6233fd417cdeea2cf14f28e7c42c,60.16531,24.9442,00000000fdda10fe,23.56
2201,2019-08-04T02:00:27Z,c9cb2b9de2b21abecad29584393bea94a97f282f234f310e2468d7a7,60.16075,24.95883,00000000f1124bca,31.5
2202,2019-08-04T02:00:27Z,cf05623e4d87ce0906c0b0b7dbf53aacc1228016cd27c341228b6e76,60.18203,24.91341,00000000342570c2,16.1
2203,2019-08-04T02:00:27Z,f088630d7476dae7d4b7e2bb1f10575f2c89acb4b6e061f3d57c2b40,60.16531,24.9442,00000000fdda10fe,23.56
2204,2019-08-04T02:00:27Z,f6609ab1076b1105bb845595a03b41b8fbb282f79c337df5bbc9f841,60.14699,24.922,00000000a53ed894,14.89
2205,2019-08-04T02:00:27Z,fc4f3a44235f1cfc7b53f14ba2da599976a5a0a220d23b852688e485,60.17919,24.95181,000000007b5207b6,17.4
2206,2019-08-04T02:00:27Z,032a59647297ad5458cd75a64c6405172cebb8eb2f33b7ab5ce92c4b,60.17918,24.95141,00000000675d5200,29.32
2207,2019-08-04T02:00:27Z,033315d9de4e24b31697b4d26c71dec6e314545795fc0bea96aaa565,60.16829,24.94214,00000000afef4555,31.5
2208,2019-08-04T02:00:27Z,11acd771bb0e2f3b2f3e08a7f5e80f0f44e73a715bff0585bc669672,60.17002,24.94407,000000006b087f40,21.87
2209,2019-08-04T02:00:27Z,124a6ddd121114d11fcde48234ff0b8931d0f3fba2b00efd0948255c,60.16897,24.95222,00000000aa852af1,9.12
2210,2019-08-04T02:00:27Z,137a95acb1432cb5b163aa6e55df6f8d03cfd04b24a6938e6e4d659d,60.16762,24.95415,000000006b44cce7,3.09
2211,2019-08-04T02:00:27Z,1780f64a77699d00e2128b929079dfa4cbc3724f901639c7ca5049f1,60.16629,24.95957,00000000fb7600be,13.75
2212,2019-08-04T02:00:27Z,1dacfb371d75dd4f90f447aac2a00faad98beb4188a6971c19eb2375,60.16629,24.95957,00000000fb7600be,25.36
2213,2019-08-04T02:00:27Z,201bf4fc7952b70f96689a812948e3ad6bc7074c06604d4a1afa0b8e,60.17002,24.94407,000000006b087f40,31.5
2214,2019-08-04T02:00:27Z,2696f6a462520c8284659d993a9bf0545c2b2f278e1538f7f60dd1d3,60.17002,24.94407,000000006b087f40,12.69
2215,2019-08-04T02:00:27Z,2acdcfed6579c3f9a1683b1f56e28b2b7b75403200b054e6edd09fe7,60.1538,24.95595,0000000038bf9618,29.32
2216,2019-08-04T02:00:27Z,30fa308b62f0b2690eb8de9a8dcd711bb02917322258ed95a7c50362,60.17002,24.94407,000000006b087f40,27.28
2217,2019-08-04T02:00:27Z,339f6a365c38070f7de8fbf2f831e126f72a0f5d109d5be30735cb7e,60.16897,24.95222,00000000aa852af1,14.89
2218,2019-08-04T02:00:27Z,406c8df3855d308047a12843434f2fac7dc6a2dba12c20edbdf06606,60.1538,24.95595,0000000038bf9618,9.92
2219,2019-08-04T02:00:27Z,45f3f37f5104c27fc21a7db518e7a7f57b68709f23f02b5efa540f7a,60.14947,24.91438,000000004ef3150d,9.12
2220,2019-08-04T02:00:27Z,47de555c057bf55633de335cbcd553c3ed54cb6937bf717f3e9c2098,60.1538,24.95595,0000000038bf9618,38.87
2221,2019-08-04T02:00:27Z,525fcaa2bcfbade9ef76800daa052aeb740a91f97ca5d6e1275cb745,60.16762,24.95415,000000006b44cce7,14.89
2222,2019-08-04T02:00:27Z,584cb0b0cdd14e608c8b57c8aecc9826f9b40027e365e2438a444ea2,60.16762,24.95415,000000006b44cce7,10.78
2223,2019-08-04T02:00:27Z,66e7412496e5ad9efd31af7a7f1a88e1fdcd371a60adfe516dd71704,60.16829,24.94214,00000000afef4555,38.87
2224,2019-08-04T02:00:27Z,699b48bb93c5befb62ff0686e75f158406b659f14daec16ab66d4499,60.15432,24.9211,0000000019fb59c4,20.28
2225,2019-08-04T02:00:27Z,6ff48066dbbd91fad556cf8d4584f5f79f7961521855734e82e4c187,60.16762,24.95415,000000006b44cce7,6.46
2226,2019-08-04T02:00:27Z,70cc7b0a8e166380ca0fbc55a58d9a59c9de9f05a9f95ebb82482d5a,60.16762,24.95415,000000006b44cce7,10.78
2227,2019-08-04T02:00:27Z,72e41e18be36571bb9da70ab3087ef307dd5f0366829c8d0457c9685,60.16829,24.94214,00000000afef4555,25.36
2228,2019-08-04T02:00:27Z,7af0c77f50a36fde55c6116ce6fc95063a67a5db61e827b85739d62d,60.16762,24.95415,000000006b44cce7,17.4
2229,2019-08-04T02:00:27Z,7b91d732042030189a304f65807ba95cf9e2445e16fd7666747e7e56,60.1538,24.95595,0000000038bf9618,14.89
2230,2019-08-04T02:00:27Z,7bafc9b6f74b521018b3c6eb85088f47050dae502879caa96dcb94a6,60.1538,24.95595,0000000038bf9618,18.79
2231,2019-08-04T02:00:27Z,8839be224a62c0ebfd04c2a31407afbbf531a4f27231aeda6f3222b4,60.17002,24.94407,000000006b087f40,20.28
2232,2019-08-04T02:00:27Z,8b49994992a96e97c5f92629f1aca931941db8b36050ac6b25c3c67f,60.16897,24.95222,00000000aa852af1,23.56
2233,2019-08-04T02:00:27Z,9173442e2f747f902896659a35f9782497dbe91c8c5c8e5b2c712fba,60.16897,24.95222,00000000aa852af1,9.12
2234,2019-08-04T02:00:27Z,9313086be16704612615b82b0fb0a2bac8d249cbf373b54d85a5b3f1,60.1538,24.95595,0000000038bf9618,20.28
2235,2019-08-04T02:00:27Z,94fb0519469907d303095ced8eea82b15282bbaf6df970a9d4025cb2,60.17002,24.94407,000000006b087f40,25.36
2236,2019-08-04T02:00:27Z,9885232e95a8b6b4437174be089c6af71b1fe0bddfea879d306b3041,60.17002,24.94407,000000006b087f40,14.89
2237,2019-08-04T02:00:27Z,a12dfe20bcda9301943010682dd87a01ab2662611ca795c4ff1fe6c6,60.16531,24.9442,00000000fdda10fe,25.36
2238,2019-08-04T02:00:27Z,a6ef5803703844038809924894eda35e25c165a826ee9c3f14bc41d7,60.17918,24.95141,00000000675d5200,9.92
2239,2019-08-04T02:00:27Z,a7fa1ce845d9a694e698b84925d3abc96d36ac7f64144eb32348ed03,60.16762,24.95415,000000006b44cce7,36.27
2240,2019-08-04T02:00:27Z,aa1d7752e4be44a55f5bfc8df2f6c278afe69b5b19b79702a22908f8,60.1538,24.95595,0000000038bf9618,25.36
2241,2019-08-04T02:00:27Z,abde1ce60ef19a41508ac1f9661c3dec611550421c09cc568ced193f,60.17002,24.94407,000000006b087f40,20.28
2242,2019-08-04T02:00:27Z,b506a9cd3cec63a7d46738cf85aca5e1af318642251763063cd376d8,60.16762,24.95415,000000006b44cce7,9.92
2243,2019-08-04T02:00:27Z,b6b900b0eb62ba369c75a8851299367b1ebd94fbf19ccfa3d5466248,60.1538,24.95595,0000000038bf9618,17.4
2244,2019-08-04T02:00:27Z,bc07df8cc395f6f4f5d483b2233caca5f93a6918f346e4cc3702f8cc,60.16531,24.9442,00000000fdda10fe,9.92
2245,2019-08-04T02:00:27Z,c0a0ca3433586ed2ae0e448f2406fabac7292ac79d49562e0bd5cef8,60.16762,24.95415,000000006b44cce7,25.36
2246,2019-08-04T02:00:27Z,d00f32677e342c7dcb88c9fa30272e08ec9a4f49d8006dffbf598a03,60.16762,24.95415,000000006b44cce7,29.32
2247,2019-08-04T02:00:27Z,d216c5aae815b17688c826ff70440e8ff2c5b869fb63b024792f0e53,60.16829,24.94214,00000000afef4555,25.36
2248,2019-08-04T02:00:27Z,d6ad6fb5be8355cc1f877358ec4f09a2ba3df7c177e331113ef376a1,60.16829,24.94214,00000000afef4555,20.28
2249,2019-08-04T02:00:27Z,e1bc48d02d172fa89085656433b35028a10ff453a3261a2634984559,60.149,24.9843,00000000fffb8cf0,16.1
2250,2019-08-04T02:00:27Z,e522f5ea0e78869628ae6c0eeb1d11f2751b751d753bb2cf8e0c1587,60.17002,24.94407,000000006b087f40,25.36
2251,2019-08-04T02:00:27Z,e5b564cf327f7db10f48bff6a13bbcb59e968da0f12c91756dfdfc09,60.16762,24.95415,000000006b44cce7,21.87
2252,2019-08-04T02:00:27Z,e66dee158121004b2a8098c673bc0d10944147d07f5f738cb9dd32be,60.16829,24.94214,00000000afef4555,36.27
2253,2019-08-04T02:00:27Z,e7baeb3fa75db84982c28c08efcf29a123618b687c634aae2f7a2b1a,60.16531,24.9442,00000000fdda10fe,21.87
2254,2019-08-04T02:00:27Z,e8e8a9de5f61b99c3112c21d7e04620774bb5b9c615ec741aa5e8f66,60.1538,24.95595,0000000038bf9618,18.79
2255,2019-08-04T02:00:27Z,ecd3f6878f10e201456713c185926a3d85ae8b5eb2484b73f155ec5a,60.16531,24.9442,00000000fdda10fe,9.12
2256,2019-08-04T02:00:27Z,f2f62de93f5e3596a61d41a7fe5f0a10b2a73b89597cc33137ff5d2f,60.16829,24.94214,00000000afef4555,23.56
2257,2019-08-04T02:00:27Z,f39586246b349fd26e26b06bfdbf9149d03895270dfe4268dd7a6848,60.1538,24.95595,0000000038bf9618,16.1
2258,2019-08-04T02:00:27Z,f8273595f5e5729d41d9da6b8dd60a5b3bd34f343f1ffe267c18d619,60.16762,24.95415,000000006b44cce7,18.79
2259,2019-08-04T02:00:27Z,f9399339c3de44774896319d3f291771cebcaf2666df1d6062469882,60.16531,24.9442,00000000fdda10fe,33.81
2260,2019-08-04T02:00:27Z,fa52a42bfc016af263aa6de3e51a3c8e965865253feb53003081635e,60.16829,24.94214,00000000afef4555,25.36
2261,2019-08-04T02:00:28Z,14c7e1511b70f4dd3359cbece1377aebb4d70531f5489eefe53d7c3c,60.16544,24.95398,0000000038d83d41,25.36
2262,2019-08-04T02:00:28Z,165ebbb4090d47319ae370f0d0854fdc1f6b79499f8b2e4d3c3533c0,60.16544,24.95398,0000000038d83d41,29.32
2263,2019-08-04T02:00:28Z,297c725b456ef12d2712634b21546721cbe93224d3a5762d897404f2,60.16762,24.95415,000000006b44cce7,13.75
2264,2019-08-04T02:00:28Z,3944bc7a301be7241d1f7bc4a97f221000d535ce3d8a9af9af9b23b5,60.16531,24.9442,00000000fdda10fe,31.5
2265,2019-08-04T02:00:28Z,43b676ed3aef4c2d8846694817e76117873be52e7f788e0cb366c1c4,60.16629,24.95957,00000000fb7600be,25.36
2266,2019-08-04T02:00:28Z,43ea43e1aaac8d6d523965f79fd32aa5e5942a98e66e9b6dbaf67f8d,60.16897,24.95222,00000000aa852af1,14.89
2267,2019-08-04T02:00:28Z,43f0659ef87792b2d876153eb4b35ac5ac2db3bd5de1eb30f3303e5c,60.17002,24.94407,000000006b087f40,23.56
2268,2019-08-04T02:00:28Z,5c833bdbbf1fd3a307bb37daa4021d8b3d3342b1552dcc0989fe9b16,60.16762,24.95415,000000006b44cce7,10.78
2269,2019-08-04T02:00:28Z,5d65719c4cbf045f068d084b72302f447d5fd034413d97d13be00d0e,60.18203,24.91341,00000000342570c2,17.4
2270,2019-08-04T02:00:28Z,6066632ddc94b5c482a2d4f45ed2532e55e3fd63e414a084a596a737,60.16762,24.95415,000000006b44cce7,27.28
2271,2019-08-04T02:00:28Z,66dabd3229229330d23c70e9e1737429ddfe69db01f4a6a00f70fa20,60.16762,24.95415,000000006b44cce7,20.28
2272,2019-08-04T02:00:28Z,6a70e2fbced719333e21eff04fcb9cb36bae9a04d1a3d6ddd96f2c58,60.15432,24.9211,0000000019fb59c4,18.79
2273,2019-08-04T02:00:28Z,6ff437688c444238352c28f64f9d2a7d0f14d19c9ea42c225380501e,60.16762,24.95415,000000006b44cce7,21.87
2274,2019-08-04T02:00:28Z,793101e1460a163336a3cac64fab8c81000c19084220aefc41e83e08,60.14951,24.92138,0000000006dd41f6,27.28
2275,2019-08-04T02:00:28Z,79f136afa0dd8717337c01c70b457c464aaf0fa25b440f51a394ec23,60.16762,24.95415,000000006b44cce7,14.89
2276,2019-08-04T02:00:28Z,7de75f59d3110cdf6e742fba9785ed0399f83ea50e4c5d255adb21ff,60.16897,24.95222,00000000aa852af1,23.56
2277,2019-08-04T02:00:28Z,7e0d3e70e42ae3b88d2440369011c2e531e9bb6a530a855127b4d2dc,60.16762,24.95415,000000006b44cce7,31.5
2278,2019-08-04T02:00:28Z,87dfaad29a9276ddddb1fa021d3bc23ad14824c1af16f7d87e713689,60.14951,24.92138,0000000006dd41f6,9.12
2279,2019-08-04T02:00:28Z,89982a6acf91b79a282a6b63978e946ee205f303fcd20e944e06baf0,60.16544,24.95398,0000000038d83d41,16.1
2280,2019-08-04T02:00:28Z,8c75c3289c84fe4493e1e272a77b615fe1985880c5dc68a7c1a17b53,60.16762,24.95415,000000006b44cce7,11.7
2281,2019-08-04T02:00:28Z,91d3b80de4439a4a49ddb8a04d72a0a2ec6c08f351d70232842af567,60.16762,24.95415,000000006b44cce7,25.36
2282,2019-08-04T02:00:28Z,94305981fc006eedb612f0981b0f33607e4a9335378b7f22994c32fa,60.17002,24.94407,000000006b087f40,27.28
2283,2019-08-04T02:00:28Z,a3b4b2c08d30b2cbabe32fd49bcbb4f45f50a3f0b0e74f856bedb831,60.16762,24.95415,000000006b44cce7,20.28
2284,2019-08-04T02:00:28Z,a91d379a4b57c5df22db0d7a041ff69f657b4b31f28554b1011fc03c,60.16544,24.95398,0000000038d83d41,27.28
2285,2019-08-04T02:00:28Z,b33ae7715d6d2571066655c2c8954a5a364b5601869047de83410d9f,60.16629,24.95957,00000000fb7600be,18.79
2286,2019-08-04T02:00:28Z,b5026d7cf52e7ab96df2ba76a516d819fb11765e520b765d373d186b,60.16448,24.97323,0000000053c6c2be,27.28
2287,2019-08-04T02:00:28Z,b5fd6b317890e5ab2d79e2cd1abe61626d45a753c7337d0d40728898,60.16762,24.95415,000000006b44cce7,8.38
2288,2019-08-04T02:00:28Z,c9cb2b9de2b21abecad29584393bea94a97f282f234f310e2468d7a7,60.16075,24.95883,00000000f1124bca,29.32
2289,2019-08-04T02:00:28Z,cf05623e4d87ce0906c0b0b7dbf53aacc1228016cd27c341228b6e76,60.18203,24.91341,00000000342570c2,20.28
2290,2019-08-04T02:00:28Z,f088630d7476dae7d4b7e2bb1f10575f2c89acb4b6e061f3d57c2b40,60.16531,24.9442,00000000fdda10fe,31.5
2291,2019-08-04T02:00:28Z,f31f5bdb4a4c81da52b05c2e91ed700307625920f573cdcf68c91d19,60.16897,24.95222,00000000aa852af1,31.5
2292,2019-08-04T02:00:28Z,f6609ab1076b1105bb845595a03b41b8fbb282f79c337df5bbc9f841,60.14699,24.922,00000000a53ed894,12.69
2293,2019-08-04T02:00:28Z,fc4f3a44235f1cfc7b53f14ba2da599976a5a0a220d23b852688e485,60.17919,24.95181,000000007b5207b6,17.4
2294,2019-08-04T02:00:28Z,032a59647297ad5458cd75a64c6405172cebb8eb2f33b7ab5ce92c4b,60.17918,24.95141,00000000675d5200,17.4
2295,2019-08-04T02:00:28Z,0486b4520285f3ca2132b986edabb7c19dfc5708a6c163ff40ed37b9,60.16448,24.97323,0000000053c6c2be,17.4
2296,2019-08-04T02:00:28Z,11acd771bb0e2f3b2f3e08a7f5e80f0f44e73a715bff0585bc669672,60.17002,24.94407,000000006b087f40,29.32
2297,2019-08-04T02:00:28Z,124a6ddd121114d11fcde48234ff0b8931d0f3fba2b00efd0948255c,60.16897,24.95222,00000000aa852af1,18.79
2298,2019-08-04T02:00:28Z,137a95acb1432cb5b163aa6e55df6f8d03cfd04b24a6938e6e4d659d,60.16762,24.95415,000000006b44cce7,3.4
2299,2019-08-04T02:00:28Z,1780f64a77699d00e2128b929079dfa4cbc3724f901639c7ca5049f1,60.16629,24.95957,00000000fb7600be,14.89
2300,2019-08-04T02:00:28Z,1dacfb371d75dd4f90f447aac2a00faad98beb4188a6971c19eb2375,60.16629,24.95957,00000000fb7600be,27.28
2301,2019-08-04T02:00:28Z,201bf4fc7952b70f96689a812948e3ad6bc7074c06604d4a1afa0b8e,60.17002,24.94407,000000006b087f40,27.28
2302,2019-08-04T02:00:28Z,2acdcfed6579c3f9a1683b1f56e28b2b7b75403200b054e6edd09fe7,60.1538,24.95595,0000000038bf9618,31.5
2303,2019-08-04T02:00:28Z,30fa308b62f0b2690eb8de9a8dcd711bb02917322258ed95a7c50362,60.17002,24.94407,000000006b087f40,23.56
2304,2019-08-04T02:00:28Z,339f6a365c38070f7de8fbf2f831e126f72a0f5d109d5be30735cb7e,60.16897,24.95222,00000000aa852af1,25.36
2305,2019-08-04T02:00:28Z,45f3f37f5104c27fc21a7db518e7a7f57b68709f23f02b5efa540f7a,60.14947,24.91438,000000004ef3150d,9.12
2306,2019-08-04T02:00:28Z,47de555c057bf55633de335cbcd553c3ed54cb6937bf717f3e9c2098,60.1538,24.95595,0000000038bf9618,29.32
2307,2019-08-04T02:00:28Z,4c3b8a7c738751ab5f9248766749e3c897b23514b294f34880eff55a,60.16897,24.95222,00000000aa852af1,31.5
2308,2019-08-04T02:00:28Z,584cb0b0cdd14e608c8b57c8aecc9826f9b40027e365e2438a444ea2,60.16762,24.95415,000000006b44cce7,11.7
2309,2019-08-04T02:00:28Z,58b7c53decdf23347782d6442cb4349ee5312db1d5ba8da9e4c2af25,60.16762,24.95415,000000006b44cce7,18.79
2310,2019-08-04T02:00:28Z,66e7412496e5ad9efd31af7a7f1a88e1fdcd371a60adfe516dd71704,60.16829,24.94214,00000000afef4555,29.32
2311,2019-08-04T02:00:28Z,6ff48066dbbd91fad556cf8d4584f5f79f7961521855734e82e4c187,60.16762,24.95415,000000006b44cce7,4.94
2312,2019-08-04T02:00:28Z,70cc7b0a8e166380ca0fbc55a58d9a59c9de9f05a9f95ebb82482d5a,60.16762,24.95415,000000006b44cce7,12.69
2313,2019-08-04T02:00:28Z,7af0c77f50a36fde55c6116ce6fc95063a67a5db61e827b85739d62d,60.16762,24.95415,000000006b44cce7,14.89
2314,2019-08-04T02:00:28Z,7b91d732042030189a304f65807ba95cf9e2445e16fd7666747e7e56,60.1538,24.95595,0000000038bf9618,20.28
2315,2019-08-04T02:00:28Z,7bafc9b6f74b521018b3c6eb85088f47050dae502879caa96dcb94a6,60.1538,24.95595,0000000038bf9618,12.69
2316,2019-08-04T02:00:28Z,8b49994992a96e97c5f92629f1aca931941db8b36050ac6b25c3c67f,60.16897,24.95222,00000000aa852af1,23.56
2317,2019-08-04T02:00:28Z,9173442e2f747f902896659a35f9782497dbe91c8c5c8e5b2c712fba,60.16897,24.95222,00000000aa852af1,20.28
2318,2019-08-04T02:00:28Z,9313086be16704612615b82b0fb0a2bac8d249cbf373b54d85a5b3f1,60.1538,24.95595,0000000038bf9618,27.28
2319,2019-08-04T02:00:28Z,94fb0519469907d303095ced8eea82b15282bbaf6df970a9d4025cb2,60.17002,24.94407,000000006b087f40,31.5
2320,2019-08-04T02:00:28Z,9885232e95a8b6b4437174be089c6af71b1fe0bddfea879d306b3041,60.17002,24.94407,000000006b087f40,16.1
2321,2019-08-04T02:00:28Z,9aa6011401452463ec819f07785394855c0b49c418b8e19d5fc768df,60.1538,24.95595,0000000038bf9618,21.87
2322,2019-08-04T02:00:28Z,a6ef5803703844038809924894eda35e25c165a826ee9c3f14bc41d7,60.17919,24.95181,000000007b5207b6,17.4
2323,2019-08-04T02:00:28Z,aa1d7752e4be44a55f5bfc8df2f6c278afe69b5b19b79702a22908f8,60.1538,24.95595,0000000038bf9618,17.4
2324,2019-08-04T02:00:28Z,abde1ce60ef19a41508ac1f9661c3dec611550421c09cc568ced193f,60.17002,24.94407,000000006b087f40,33.81
2325,2019-08-04T02:00:28Z,b38900c896751899e1c20c791610870bbbde7839746846d07481e0c7,60.16829,24.94214,00000000afef4555,11.7
2326,2019-08-04T02:00:28Z,b506a9cd3cec63a7d46738cf85aca5e1af318642251763063cd376d8,60.16762,24.95415,000000006b44cce7,14.89
2327,2019-08-04T02:00:28Z,b6b900b0eb62ba369c75a8851299367b1ebd94fbf19ccfa3d5466248,60.1538,24.95595,0000000038bf9618,27.28
2328,2019-08-04T02:00:28Z,bc07df8cc395f6f4f5d483b2233caca5f93a6918f346e4cc3702f8cc,60.16531,24.9442,00000000fdda10fe,7.69
2329,2019-08-04T02:00:28Z,c0a0ca3433586ed2ae0e448f2406fabac7292ac79d49562e0bd5cef8,60.16762,24.95415,000000006b44cce7,12.69
2330,2019-08-04T02:00:28Z,e1bc48d02d172fa89085656433b35028a10ff453a3261a2634984559,60.149,24.9843,00000000fffb8cf0,14.89
2331,2019-08-04T02:00:28Z,e7baeb3fa75db84982c28c08efcf29a123618b687c634aae2f7a2b1a,60.16531,24.9442,00000000fdda10fe,23.56
2332,2019-08-04T02:00:28Z,e8e8a9de5f61b99c3112c21d7e04620774bb5b9c615ec741aa5e8f66,60.1538,24.95595,0000000038bf9618,16.1
2333,2019-08-04T02:00:28Z,ecd3f6878f10e201456713c185926a3d85ae8b5eb2484b73f155ec5a,60.16531,24.9442,00000000fdda10fe,7.05
2334,2019-08-04T02:00:28Z,f2f62de93f5e3596a61d41a7fe5f0a10b2a73b89597cc33137ff5d2f,60.16829,24.94214,00000000afef4555,21.87
2335,2019-08-04T02:00:28Z,f39586246b349fd26e26b06bfdbf9149d03895270dfe4268dd7a6848,60.1538,24.95595,0000000038bf9618,14.89
2336,2019-08-04T02:00:28Z,f8273595f5e5729d41d9da6b8dd60a5b3bd34f343f1ffe267c18d619,60.16762,24.95415,000000006b44cce7,25.36
2337,2019-08-04T02:00:28Z,fa52a42bfc016af263aa6de3e51a3c8e965865253feb53003081635e,60.16829,24.94214,00000000afef4555,33.81
2338,2019-08-04T02:00:29Z,14c7e1511b70f4dd3359cbece1377aebb4d70531f5489eefe53d7c3c,60.16544,24.95398,0000000038d83d41,23.56
2339,2019-08-04T02:00:29Z,165ebbb4090d47319ae370f0d0854fdc1f6b79499f8b2e4d3c3533c0,60.16544,24.95398,0000000038d83d41,23.56
2340,2019-08-04T02:00:29Z,17b28910b6cbc057680693633275c4ca53938281bc38178f96c44947,60.17002,24.94407,000000006b087f40,50.98
2341,2019-08-04T02:00:29Z,297c725b456ef12d2712634b21546721cbe93224d3a5762d897404f2,60.16762,24.95415,000000006b44cce7,10.78
2342,2019-08-04T02:00:29Z,3944bc7a301be7241d1f7bc4a97f221000d535ce3d8a9af9af9b23b5,60.16531,24.9442,00000000fdda10fe,21.87
2343,2019-08-04T02:00:29Z,43b676ed3aef4c2d8846694817e76117873be52e7f788e0cb366c1c4,60.16629,24.95957,00000000fb7600be,31.5
2344,2019-08-04T02:00:29Z,43ea43e1aaac8d6d523965f79fd32aa5e5942a98e66e9b6dbaf67f8d,60.16897,24.95222,00000000aa852af1,23.56
2345,2019-08-04T02:00:29Z,5bbb5184fded3e51bc78e45e39917794285e6bbc72da404802a9599a,60.16531,24.9442,00000000fdda10fe,47.69
2346,2019-08-04T02:00:29Z,5c833bdbbf1fd3a307bb37daa4021d8b3d3342b1552dcc0989fe9b16,60.16762,24.95415,000000006b44cce7,25.36
2347,2019-08-04T02:00:29Z,5d65719c4cbf045f068d084b72302f447d5fd034413d97d13be00d0e,60.18203,24.91341,00000000342570c2,17.4
2348,2019-08-04T02:00:29Z,6066632ddc94b5c482a2d4f45ed2532e55e3fd63e414a084a596a737,60.16762,24.95415,000000006b44cce7,17.4
2349,2019-08-04T02:00:29Z,66dabd3229229330d23c70e9e1737429ddfe69db01f4a6a00f70fa20,60.16762,24.95415,000000006b44cce7,20.28
2350,2019-08-04T02:00:29Z,6a70e2fbced719333e21eff04fcb9cb36bae9a04d1a3d6ddd96f2c58,60.15432,24.9211,0000000019fb59c4,18.79
2351,2019-08-04T02:00:29Z,6f06341f358e61699fe1e55e986dd0554bc8da28b91daf0c5ad99db6,60.16629,24.95957,00000000fb7600be,29.32
2352,2019-08-04T02:00:29Z,747f2d1ebff218c0ebbdc0fdaef4cbe56633dfb46ae1b1f8c8142201,60.16762,24.95415,000000006b44cce7,13.75
2353,2019-08-04T02:00:29Z,79f136afa0dd8717337c01c70b457c464aaf0fa25b440f51a394ec23,60.16762,24.95415,000000006b44cce7,12.69
2354,2019-08-04T02:00:29Z,7de75f59d3110cdf6e742fba9785ed0399f83ea50e4c5d255adb21ff,60.16897,24.95222,00000000aa852af1,21.87
2355,2019-08-04T02:00:29Z,87dfaad29a9276ddddb1fa021d3bc23ad14824c1af16f7d87e713689,60.14951,24.92138,0000000006dd41f6,11.7
2356,2019-08-04T02:00:29Z,89982a6acf91b79a282a6b63978e946ee205f303fcd20e944e06baf0,60.16544,24.95398,0000000038d83d41,16.1
2357,2019-08-04T02:00:29Z,8c75c3289c84fe4493e1e272a77b615fe1985880c5dc68a7c1a17b53,60.16762,24.95415,000000006b44cce7,11.7
2358,2019-08-04T02:00:29Z,91d3b80de4439a4a49ddb8a04d72a0a2ec6c08f351d70232842af567,60.16762,24.95415,000000006b44cce7,25.36
2359,2019-08-04T02:00:29Z,a3b4b2c08d30b2cbabe32fd49bcbb4f45f50a3f0b0e74f856bedb831,60.16762,24.95415,000000006b44cce7,25.36
2360,2019-08-04T02:00:29Z,a91d379a4b57c5df22db0d7a041ff69f657b4b31f28554b1011fc03c,60.16544,24.95398,0000000038d83d41,27.28
2361,2019-08-04T02:00:29Z,b33ae7715d6d2571066655c2c8954a5a364b5601869047de83410d9f,60.16629,24.95957,00000000fb7600be,25.36
2362,2019-08-04T02:00:29Z,b5fd6b317890e5ab2d79e2cd1abe61626d45a753c7337d0d40728898,60.16762,24.95415,000000006b44cce7,9.92
2363,2019-08-04T02:00:29Z,c40c37def6bf11a63a2556519a7c6233fd417cdeea2cf14f28e7c42c,60.16531,24.9442,00000000fdda10fe,23.56
2364,2019-08-04T02:00:29Z,c9cb2b9de2b21abecad29584393bea94a97f282f234f310e2468d7a7,60.16075,24.95883,00000000f1124bca,27.28
2365,2019-08-04T02:00:29Z,ce197d5eedb5498917afe7ca3f7275ffeb191f0c5d050bffa154c1d2,60.16531,24.9442,00000000fdda10fe,33.81
2366,2019-08-04T02:00:29Z,cf05623e4d87ce0906c0b0b7dbf53aacc1228016cd27c341228b6e76,60.18203,24.91341,00000000342570c2,20.28
2367,2019-08-04T02:00:29Z,d0bb9fef9a0ef26adcdd4732c9c20361bce49826f32c2892242831b8,60.16762,24.95415,000000006b44cce7,17.4
2368,2019-08-04T02:00:29Z,f088630d7476dae7d4b7e2bb1f10575f2c89acb4b6e061f3d57c2b40,60.16531,24.9442,00000000fdda10fe,21.87
2369,2019-08-04T02:00:29Z,f6609ab1076b1105bb845595a03b41b8fbb282f79c337df5bbc9f841,60.14699,24.922,00000000a53ed894,11.7
2370,2019-08-04T02:00:29Z,fc4f3a44235f1cfc7b53f14ba2da599976a5a0a220d23b852688e485,60.17919,24.95181,000000007b5207b6,20.28
2371,2019-08-04T02:00:29Z,032a59647297ad5458cd75a64c6405172cebb8eb2f33b7ab5ce92c4b,60.17918,24.95141,00000000675d5200,31.5
2372,2019-08-04T02:00:29Z,0486b4520285f3ca2132b986edabb7c19dfc5708a6c163ff40ed37b9,60.16448,24.97323,0000000053c6c2be,17.4
2373,2019-08-04T02:00:29Z,11acd771bb0e2f3b2f3e08a7f5e80f0f44e73a715bff0585bc669672,60.17002,24.94407,000000006b087f40,31.5
2374,2019-08-04T02:00:29Z,124a6ddd121114d11fcde48234ff0b8931d0f3fba2b00efd0948255c,60.16897,24.95222,00000000aa852af1,11.7
2375,2019-08-04T02:00:29Z,137a95acb1432cb5b163aa6e55df6f8d03cfd04b24a6938e6e4d659d,60.16762,24.95415,000000006b44cce7,5.91
2376,2019-08-04T02:00:29Z,1780f64a77699d00e2128b929079dfa4cbc3724f901639c7ca5049f1,60.16629,24.95957,00000000fb7600be,17.4
2377,2019-08-04T02:00:29Z,201bf4fc7952b70f96689a812948e3ad6bc7074c06604d4a1afa0b8e,60.17002,24.94407,000000006b087f40,33.81
2378,2019-08-04T02:00:29Z,2696f6a462520c8284659d993a9bf0545c2b2f278e1538f7f60dd1d3,60.17002,24.94407,000000006b087f40,13.75
2379,2019-08-04T02:00:29Z,2acdcfed6579c3f9a1683b1f56e28b2b7b75403200b054e6edd09fe7,60.1538,24.95595,0000000038bf9618,27.28
2380,2019-08-04T02:00:29Z,339f6a365c38070f7de8fbf2f831e126f72a0f5d109d5be30735cb7e,60.16897,24.95222,00000000aa852af1,18.79
2381,2019-08-04T02:00:29Z,361f937ab1057efd291aadfbf88395a903b0bbcfff8ee3afe1431a31,60.16544,24.95398,0000000038d83d41,25.36
2382,2019-08-04T02:00:29Z,406c8df3855d308047a12843434f2fac7dc6a2dba12c20edbdf06606,60.1538,24.95595,0000000038bf9618,5.91
2383,2019-08-04T02:00:29Z,45f3f37f5104c27fc21a7db518e7a7f57b68709f23f02b5efa540f7a,60.14947,24.91438,000000004ef3150d,9.12
2384,2019-08-04T02:00:29Z,47de555c057bf55633de335cbcd553c3ed54cb6937bf717f3e9c2098,60.1538,24.95595,0000000038bf9618,31.5
2385,2019-08-04T02:00:29Z,525fcaa2bcfbade9ef76800daa052aeb740a91f97ca5d6e1275cb745,60.16762,24.95415,000000006b44cce7,20.28
2386,2019-08-04T02:00:29Z,584cb0b0cdd14e608c8b57c8aecc9826f9b40027e365e2438a444ea2,60.16762,24.95415,000000006b44cce7,10.78
2387,2019-08-04T02:00:29Z,58b7c53decdf23347782d6442cb4349ee5312db1d5ba8da9e4c2af25,60.16762,24.95415,000000006b44cce7,18.79
2388,2019-08-04T02:00:29Z,5a089a2b4bb3f5a34f57f2dcafd1462570fa59744c22e9b00735e8c6,60.1538,24.95595,0000000038bf9618,29.32
2389,2019-08-04T02:00:29Z,66204b23c643abf2cc380d679bb57d79c309c25ca943b49c4f183b2d,60.16829,24.94214,00000000afef4555,36.27
2390,2019-08-04T02:00:29Z,699b48bb93c5befb62ff0686e75f158406b659f14daec16ab66d4499,60.15432,24.9211,0000000019fb59c4,18.79
2391,2019-08-04T02:00:29Z,6ff48066dbbd91fad556cf8d4584f5f79f7961521855734e82e4c187,60.16762,24.95415,000000006b44cce7,5.91
2392,2019-08-04T02:00:29Z,72e41e18be36571bb9da70ab3087ef307dd5f0366829c8d0457c9685,60.16829,24.94214,00000000afef4555,21.87
2393,2019-08-04T02:00:29Z,766fa923652ba92f13ab23349bce568d0b33dbf0ccdf7606e5e633ec,60.16531,24.9442,00000000fdda10fe,14.89
2394,2019-08-04T02:00:29Z,7a0f425ccdf5813a089dd619056db4cf41173803f079c37bab520825,60.18203,24.91341,00000000342570c2,29.32
2395,2019-08-04T02:00:29Z,7af0c77f50a36fde55c6116ce6fc95063a67a5db61e827b85739d62d,60.16629,24.95957,00000000fb7600be,29.32
2396,2019-08-04T02:00:29Z,7b91d732042030189a304f65807ba95cf9e2445e16fd7666747e7e56,60.1538,24.95595,0000000038bf9618,20.28
2397,2019-08-04T02:00:29Z,7bafc9b6f74b521018b3c6eb85088f47050dae502879caa96dcb94a6,60.1538,24.95595,0000000038bf9618,9.92
2398,2019-08-04T02:00:29Z,8b49994992a96e97c5f92629f1aca931941db8b36050ac6b25c3c67f,60.16897,24.95222,00000000aa852af1,25.36
2399,2019-08-04T02:00:29Z,8e7c2f7966c3527e6bc8f358d74a087474c6985f4d5dfc4546693416,60.16829,24.94214,00000000afef4555,29.32
2400,2019-08-04T02:00:29Z,9173442e2f747f902896659a35f9782497dbe91c8c5c8e5b2c712fba,60.16897,24.95222,00000000aa852af1,12.69
2401,2019-08-04T02:00:29Z,94fb0519469907d303095ced8eea82b15282bbaf6df970a9d4025cb2,60.17002,24.94407,000000006b087f40,23.56
2402,2019-08-04T02:00:29Z,9885232e95a8b6b4437174be089c6af71b1fe0bddfea879d306b3041,60.17002,24.94407,000000006b087f40,27.28
2403,2019-08-04T02:00:29Z,a6ef5803703844038809924894eda35e25c165a826ee9c3f14bc41d7,60.17919,24.95181,000000007b5207b6,23.56
2404,2019-08-04T02:00:29Z,aa1d7752e4be44a55f5bfc8df2f6c278afe69b5b19b79702a22908f8,60.1538,24.95595,0000000038bf9618,21.87
2405,2019-08-04T02:00:29Z,abde1ce60ef19a41508ac1f9661c3dec611550421c09cc568ced193f,60.17002,24.94407,000000006b087f40,29.32
2406,2019-08-04T02:00:29Z,b38900c896751899e1c20c791610870bbbde7839746846d07481e0c7,60.16829,24.94214,00000000afef4555,9.92
2407,2019-08-04T02:00:29Z,b506a9cd3cec63a7d46738cf85aca5e1af318642251763063cd376d8,60.16762,24.95415,000000006b44cce7,25.36
2408,2019-08-04T02:00:29Z,b6b900b0eb62ba369c75a8851299367b1ebd94fbf19ccfa3d5466248,60.1538,24.95595,0000000038bf9618,27.28
2409,2019-08-04T02:00:29Z,bc07df8cc395f6f4f5d483b2233caca5f93a6918f346e4cc3702f8cc,60.16531,24.9442,00000000fdda10fe,9.12
2410,2019-08-04T02:00:29Z,c0a0ca3433586ed2ae0e448f2406fabac7292ac79d49562e0bd5cef8,60.16762,24.95415,000000006b44cce7,38.87
2411,2019-08-04T02:00:29Z,d00f32677e342c7dcb88c9fa30272e08ec9a4f49d8006dffbf598a03,60.16762,24.95415,000000006b44cce7,18.79
2412,2019-08-04T02:00:29Z,d6ad6fb5be8355cc1f877358ec4f09a2ba3df7c177e331113ef376a1,60.16829,24.94214,00000000afef4555,12.69
2413,2019-08-04T02:00:29Z,dc2e0f02adb13656668baaf52c062c10202521cf47f04a2c106becdd,60.16531,24.9442,00000000fdda10fe,27.28
2414,2019-08-04T02:00:29Z,e1bc48d02d172fa89085656433b35028a10ff453a3261a2634984559,60.149,24.9843,00000000fffb8cf0,14.89
2415,2019-08-04T02:00:29Z,e30c8d515f787275f7e911287d598f569fcfc5092a203f4c001d0dc6,60.16762,24.95415,000000006b44cce7,21.87
2416,2019-08-04T02:00:29Z,e66dee158121004b2a8098c673bc0d10944147d07f5f738cb9dd32be,60.16829,24.94214,00000000afef4555,23.56
2417,2019-08-04T02:00:29Z,e7baeb3fa75db84982c28c08efcf29a123618b687c634aae2f7a2b1a,60.16531,24.9442,00000000fdda10fe,20.28
2418,2019-08-04T02:00:29Z,e8e8a9de5f61b99c3112c21d7e04620774bb5b9c615ec741aa5e8f66,60.1538,24.95595,0000000038bf9618,12.69
2419,2019-08-04T02:00:29Z,ecd3f6878f10e201456713c185926a3d85ae8b5eb2484b73f155ec5a,60.16531,24.9442,00000000fdda10fe,9.92
2420,2019-08-04T02:00:29Z,f2f62de93f5e3596a61d41a7fe5f0a10b2a73b89597cc33137ff5d2f,60.16829,24.94214,00000000afef4555,25.36
2421,2019-08-04T02:00:29Z,f39586246b349fd26e26b06bfdbf9149d03895270dfe4268dd7a6848,60.1538,24.95595,0000000038bf9618,17.4
2422,2019-08-04T02:00:29Z,f8273595f5e5729d41d9da6b8dd60a5b3bd34f343f1ffe267c18d619,60.16762,24.95415,000000006b44cce7,7.69
2423,2019-08-04T02:00:29Z,f9e4c8bb6cfbf0b2b6572af73770dcf4df61cb7fa5b63860dd3bbb71,60.16629,24.95957,00000000fb7600be,31.5
2424,2019-08-04T02:00:29Z,fa52a42bfc016af263aa6de3e51a3c8e965865253feb53003081635e,60.16829,24.94214,00000000afef4555,23.56
2425,2019-08-04T02:00:30Z,14c7e1511b70f4dd3359cbece1377aebb4d70531f5489eefe53d7c3c,60.16544,24.95398,0000000038d83d41,21.87
2426,2019-08-04T02:00:30Z,165ebbb4090d47319ae370f0d0854fdc1f6b79499f8b2e4d3c3533c0,60.16544,24.95398,0000000038d83d41,23.56
2427,2019-08-04T02:00:30Z,297c725b456ef12d2712634b21546721cbe93224d3a5762d897404f2,60.16762,24.95415,000000006b44cce7,11.7
2428,2019-08-04T02:00:30Z,3944bc7a301be7241d1f7bc4a97f221000d535ce3d8a9af9af9b23b5,60.16531,24.9442,00000000fdda10fe,31.5
2429,2019-08-04T02:00:30Z,43b676ed3aef4c2d8846694817e76117873be52e7f788e0cb366c1c4,60.16629,24.95957,00000000fb7600be,27.28
2430,2019-08-04T02:00:30Z,43ea43e1aaac8d6d523965f79fd32aa5e5942a98e66e9b6dbaf67f8d,60.16897,24.95222,00000000aa852af1,13.75
2431,2019-08-04T02:00:30Z,5c833bdbbf1fd3a307bb37daa4021d8b3d3342b1552dcc0989fe9b16,60.16762,24.95415,000000006b44cce7,10.78
2432,2019-08-04T02:00:30Z,5d65719c4cbf045f068d084b72302f447d5fd034413d97d13be00d0e,60.18203,24.91341,00000000342570c2,17.4
2433,2019-08-04T02:00:30Z,6066632ddc94b5c482a2d4f45ed2532e55e3fd63e414a084a596a737,60.16762,24.95415,000000006b44cce7,14.89
2434,2019-08-04T02:00:30Z,6a70e2fbced719333e21eff04fcb9cb36bae9a04d1a3d6ddd96f2c58,60.15432,24.9211,0000000019fb59c4,20.28
2435,2019-08-04T02:00:30Z,7986470a464b3209b8bd8128aa284404949b052dd423b443746edcff,60.14951,24.92138,0000000006dd41f6,31.5
2436,2019-08-04T02:00:30Z,79f136afa0dd8717337c01c70b457c464aaf0fa25b440f51a394ec23,60.16762,24.95415,000000006b44cce7,12.69
2437,2019-08-04T02:00:30Z,7de75f59d3110cdf6e742fba9785ed0399f83ea50e4c5d255adb21ff,60.16897,24.95222,00000000aa852af1,21.87
2438,2019-08-04T02:00:30Z,87dfaad29a9276ddddb1fa021d3bc23ad14824c1af16f7d87e713689,60.14951,24.92138,0000000006dd41f6,10.78
2439,2019-08-04T02:00:30Z,89982a6acf91b79a282a6b63978e946ee205f303fcd20e944e06baf0,60.16544,24.95398,0000000038d83d41,29.32
2440,2019-08-04T02:00:30Z,8c75c3289c84fe4493e1e272a77b615fe1985880c5dc68a7c1a17b53,60.16762,24.95415,000000006b44cce7,13.75
2441,2019-08-04T02:00:30Z,91d3b80de4439a4a49ddb8a04d72a0a2ec6c08f351d70232842af567,60.16762,24.95415,000000006b44cce7,25.36
2442,2019-08-04T02:00:30Z,a3b4b2c08d30b2cbabe32fd49bcbb4f45f50a3f0b0e74f856bedb831,60.16762,24.95415,000000006b44cce7,20.28
2443,2019-08-04T02:00:30Z,a91d379a4b57c5df22db0d7a041ff69f657b4b31f28554b1011fc03c,60.16544,24.95398,0000000038d83d41,29.32
2444,2019-08-04T02:00:30Z,b33ae7715d6d2571066655c2c8954a5a364b5601869047de83410d9f,60.16629,24.95957,00000000fb7600be,21.87
2445,2019-08-04T02:00:30Z,b5fd6b317890e5ab2d79e2cd1abe61626d45a753c7337d0d40728898,60.16762,24.95415,000000006b44cce7,8.38
2446,2019-08-04T02:00:30Z,c40c37def6bf11a63a2556519a7c6233fd417cdeea2cf14f28e7c42c,60.16531,24.9442,00000000fdda10fe,23.56
2447,2019-08-04T02:00:30Z,c578a1f266f1ac8f40756ab095d6d81719f90b3a1d4c4808f72ce963,60.14951,24.92138,0000000006dd41f6,29.32
2448,2019-08-04T02:00:30Z,c9cb2b9de2b21abecad29584393bea94a97f282f234f310e2468d7a7,60.16075,24.95883,00000000f1124bca,23.56
2449,2019-08-04T02:00:30Z,cf05623e4d87ce0906c0b0b7dbf53aacc1228016cd27c341228b6e76,60.18203,24.91341,00000000342570c2,16.1
2450,2019-08-04T02:00:30Z,f088630d7476dae7d4b7e2bb1f10575f2c89acb4b6e061f3d57c2b40,60.16531,24.9442,00000000fdda10fe,23.56
2451,2019-08-04T02:00:30Z,f31f5bdb4a4c81da52b05c2e91ed700307625920f573cdcf68c91d19,60.16897,24.95222,00000000aa852af1,36.27
2452,2019-08-04T02:00:30Z,f6609ab1076b1105bb845595a03b41b8fbb282f79c337df5bbc9f841,60.14699,24.922,00000000a53ed894,14.89
2453,2019-08-04T02:00:30Z,fc4f3a44235f1cfc7b53f14ba2da599976a5a0a220d23b852688e485,60.17919,24.95181,000000007b5207b6,17.4
2454,2019-08-04T02:00:30Z,032a59647297ad5458cd75a64c6405172cebb8eb2f33b7ab5ce92c4b,60.17918,24.95141,00000000675d5200,16.1
2455,2019-08-04T02:00:30Z,033315d9de4e24b31697b4d26c71dec6e314545795fc0bea96aaa565,60.16829,24.94214,00000000afef4555,29.32
2456,2019-08-04T02:00:30Z,046d88221ec15b64bcac02c9056c3cdd39e2ce29bc8cde90aa2d7ed9,60.16897,24.95222,00000000aa852af1,29.32
2457,2019-08-04T02:00:30Z,0486b4520285f3ca2132b986edabb7c19dfc5708a6c163ff40ed37b9,60.16448,24.97323,0000000053c6c2be,18.79
2458,2019-08-04T02:00:30Z,11acd771bb0e2f3b2f3e08a7f5e80f0f44e73a715bff0585bc669672,60.17002,24.94407,000000006b087f40,27.28
2459,2019-08-04T02:00:30Z,124a6ddd121114d11fcde48234ff0b8931d0f3fba2b00efd0948255c,60.16897,24.95222,00000000aa852af1,13.75
2460,2019-08-04T02:00:30Z,137a95acb1432cb5b163aa6e55df6f8d03cfd04b24a6938e6e4d659d,60.16762,24.95415,000000006b44cce7,6.46
2461,2019-08-04T02:00:30Z,1780f64a77699d00e2128b929079dfa4cbc3724f901639c7ca5049f1,60.16629,24.95957,00000000fb7600be,14.89
2462,2019-08-04T02:00:30Z,1dacfb371d75dd4f90f447aac2a00faad98beb4188a6971c19eb2375,60.16629,24.95957,00000000fb7600be,29.32
2463,2019-08-04T02:00:30Z,201bf4fc7952b70f96689a812948e3ad6bc7074c06604d4a1afa0b8e,60.17002,24.94407,000000006b087f40,29.32
2464,2019-08-04T02:00:30Z,2acdcfed6579c3f9a1683b1f56e28b2b7b75403200b054e6edd09fe7,60.1538,24.95595,0000000038bf9618,18.79
2465,2019-08-04T02:00:30Z,30fa308b62f0b2690eb8de9a8dcd711bb02917322258ed95a7c50362,60.17002,24.94407,000000006b087f40,20.28
2466,2019-08-04T02:00:30Z,339f6a365c38070f7de8fbf2f831e126f72a0f5d109d5be30735cb7e,60.16897,24.95222,00000000aa852af1,25.36
2467,2019-08-04T02:00:30Z,361f937ab1057efd291aadfbf88395a903b0bbcfff8ee3afe1431a31,60.16544,24.95398,0000000038d83d41,31.5
2468,2019-08-04T02:00:30Z,45f3f37f5104c27fc21a7db518e7a7f57b68709f23f02b5efa540f7a,60.14947,24.91438,000000004ef3150d,9.12
2469,2019-08-04T02:00:30Z,47de555c057bf55633de335cbcd553c3ed54cb6937bf717f3e9c2098,60.1538,24.95595,0000000038bf9618,33.81
2470,2019-08-04T02:00:30Z,525fcaa2bcfbade9ef76800daa052aeb740a91f97ca5d6e1275cb745,60.16762,24.95415,000000006b44cce7,11.7
2471,2019-08-04T02:00:30Z,584cb0b0cdd14e608c8b57c8aecc9826f9b40027e365e2438a444ea2,60.16762,24.95415,000000006b44cce7,12.69
2472,2019-08-04T02:00:30Z,699b48bb93c5befb62ff0686e75f158406b659f14daec16ab66d4499,60.15432,24.9211,0000000019fb59c4,29.32
2473,2019-08-04T02:00:30Z,6ff48066dbbd91fad556cf8d4584f5f79f7961521855734e82e4c187,60.16762,24.95415,000000006b44cce7,18.79
2474,2019-08-04T02:00:30Z,70cc7b0a8e166380ca0fbc55a58d9a59c9de9f05a9f95ebb82482d5a,60.16762,24.95415,000000006b44cce7,11.7
2475,2019-08-04T02:00:30Z,72e41e18be36571bb9da70ab3087ef307dd5f0366829c8d0457c9685,60.16829,24.94214,00000000afef4555,33.81
2476,2019-08-04T02:00:30Z,766fa923652ba92f13ab23349bce568d0b33dbf0ccdf7606e5e633ec,60.16531,24.9442,00000000fdda10fe,25.36
2477,2019-08-04T02:00:30Z,7a0f425ccdf5813a089dd619056db4cf41173803f079c37bab520825,60.18203,24.91341,00000000342570c2,27.28
2478,2019-08-04T02:00:30Z,7af0c77f50a36fde55c6116ce6fc95063a67a5db61e827b85739d62d,60.16762,24.95415,000000006b44cce7,17.4
2479,2019-08-04T02:00:30Z,7b91d732042030189a304f65807ba95cf9e2445e16fd7666747e7e56,60.1538,24.95595,0000000038bf9618,25.36
2480,2019-08-04T02:00:30Z,7bafc9b6f74b521018b3c6eb85088f47050dae502879caa96dcb94a6,60.1538,24.95595,0000000038bf9618,14.89
2481,2019-08-04T02:00:30Z,8e7c2f7966c3527e6bc8f358d74a087474c6985f4d5dfc4546693416,60.16829,24.94214,00000000afef4555,31.5
2482,2019-08-04T02:00:30Z,9173442e2f747f902896659a35f9782497dbe91c8c5c8e5b2c712fba,60.16897,24.95222,00000000aa852af1,17.4
2483,2019-08-04T02:00:30Z,9313086be16704612615b82b0fb0a2bac8d249cbf373b54d85a5b3f1,60.1538,24.95595,0000000038bf9618,25.36
2484,2019-08-04T02:00:30Z,94fb0519469907d303095ced8eea82b15282bbaf6df970a9d4025cb2,60.17002,24.94407,000000006b087f40,20.28
2485,2019-08-04T02:00:30Z,9885232e95a8b6b4437174be089c6af71b1fe0bddfea879d306b3041,60.17002,24.94407,000000006b087f40,23.56
2486,2019-08-04T02:00:30Z,9aa6011401452463ec819f07785394855c0b49c418b8e19d5fc768df,60.1538,24.95595,0000000038bf9618,20.28
2487,2019-08-04T02:00:30Z,a6ef5803703844038809924894eda35e25c165a826ee9c3f14bc41d7,60.17919,24.95181,000000007b5207b6,16.1
2488,2019-08-04T02:00:30Z,aa1d7752e4be44a55f5bfc8df2f6c278afe69b5b19b79702a22908f8,60.1538,24.95595,0000000038bf9618,27.28
2489,2019-08-04T02:00:30Z,b38900c896751899e1c20c791610870bbbde7839746846d07481e0c7,60.16829,24.94214,00000000afef4555,20.28
2490,2019-08-04T02:00:30Z,b6b900b0eb62ba369c75a8851299367b1ebd94fbf19ccfa3d5466248,60.1538,24.95595,0000000038bf9618,21.87
2491,2019-08-04T02:00:30Z,bc07df8cc395f6f4f5d483b2233caca5f93a6918f346e4cc3702f8cc,60.16531,24.9442,00000000fdda10fe,8.38
2492,2019-08-04T02:00:30Z,c0a0ca3433586ed2ae0e448f2406fabac7292ac79d49562e0bd5cef8,60.16762,24.95415,000000006b44cce7,13.75
2493,2019-08-04T02:00:30Z,cf01a59875fd999d9698c266b7634a09f9264a5ff26a1c3c48af9069,60.17002,24.94407,000000006b087f40,38.87
2494,2019-08-04T02:00:30Z,d6ad6fb5be8355cc1f877358ec4f09a2ba3df7c177e331113ef376a1,60.16829,24.94214,00000000afef4555,16.1
2495,2019-08-04T02:00:30Z,e1bc48d02d172fa89085656433b35028a10ff453a3261a2634984559,60.149,24.9843,00000000fffb8cf0,14.89
2496,2019-08-04T02:00:30Z,e30c8d515f787275f7e911287d598f569fcfc5092a203f4c001d0dc6,60.16762,24.95415,000000006b44cce7,18.79
2497,2019-08-04T02:00:30Z,e8e8a9de5f61b99c3112c21d7e04620774bb5b9c615ec741aa5e8f66,60.1538,24.95595,0000000038bf9618,12.69
2498,2019-08-04T02:00:30Z,ecd3f6878f10e201456713c185926a3d85ae8b5eb2484b73f155ec5a,60.16531,24.9442,00000000fdda10fe,9.12
2499,2019-08-04T02:00:30Z,f2f62de93f5e3596a61d41a7fe5f0a10b2a73b89597cc33137ff5d2f,60.16829,24.94214,00000000afef4555,20.28
2500,2019-08-04T02:00:30Z,f39586246b349fd26e26b06bfdbf9149d03895270dfe4268dd7a6848,60.1538,24.95595,0000000038bf9618,25.36
2501,2019-08-04T02:00:30Z,f8273595f5e5729d41d9da6b8dd60a5b3bd34f343f1ffe267c18d619,60.16762,24.95415,000000006b44cce7,9.12
2502,2019-08-04T02:00:30Z,f9e28a5bfffbfa5e1f903d0e09d25b9b1f72e0e7217cb6c8ffef7d50,60.16829,24.94214,00000000afef4555,25.36
2503,2019-08-04T02:00:30Z,fa52a42bfc016af263aa6de3e51a3c8e965865253feb53003081635e,60.16829,24.94214,00000000afef4555,27.28
2504,2019-08-04T02:00:31Z,14c7e1511b70f4dd3359cbece1377aebb4d70531f5489eefe53d7c3c,60.16544,24.95398,0000000038d83d41,23.56
2505,2019-08-04T02:00:31Z,165ebbb4090d47319ae370f0d0854fdc1f6b79499f8b2e4d3c3533c0,60.16544,24.95398,0000000038d83d41,27.28
2506,2019-08-04T02:00:31Z,17b28910b6cbc057680693633275c4ca53938281bc38178f96c44947,60.17002,24.94407,000000006b087f40,38.87
2507,2019-08-04T02:00:31Z,297c725b456ef12d2712634b21546721cbe93224d3a5762d897404f2,60.16762,24.95415,000000006b44cce7,11.7
2508,2019-08-04T02:00:31Z,3944bc7a301be7241d1f7bc4a97f221000d535ce3d8a9af9af9b23b5,60.16531,24.9442,00000000fdda10fe,25.36
2509,2019-08-04T02:00:31Z,43b676ed3aef4c2d8846694817e76117873be52e7f788e0cb366c1c4,60.16629,24.95957,00000000fb7600be,25.36
2510,2019-08-04T02:00:31Z,43ea43e1aaac8d6d523965f79fd32aa5e5942a98e66e9b6dbaf67f8d,60.16897,24.95222,00000000aa852af1,21.87
2511,2019-08-04T02:00:31Z,43f0659ef87792b2d876153eb4b35ac5ac2db3bd5de1eb30f3303e5c,60.17002,24.94407,000000006b087f40,31.5
2512,2019-08-04T02:00:31Z,5bbb5184fded3e51bc78e45e39917794285e6bbc72da404802a9599a,60.16531,24.9442,00000000fdda10fe,36.27
2513,2019-08-04T02:00:31Z,5c833bdbbf1fd3a307bb37daa4021d8b3d3342b1552dcc0989fe9b16,60.16762,24.95415,000000006b44cce7,9.92
2514,2019-08-04T02:00:31Z,5d65719c4cbf045f068d084b72302f447d5fd034413d97d13be00d0e,60.18203,24.91341,00000000342570c2,17.4
2515,2019-08-04T02:00:31Z,6066632ddc94b5c482a2d4f45ed2532e55e3fd63e414a084a596a737,60.16762,24.95415,000000006b44cce7,17.4
2516,2019-08-04T02:00:31Z,66dabd3229229330d23c70e9e1737429ddfe69db01f4a6a00f70fa20,60.16762,24.95415,000000006b44cce7,23.56
2517,2019-08-04T02:00:31Z,6a70e2fbced719333e21eff04fcb9cb36bae9a04d1a3d6ddd96f2c58,60.15432,24.9211,0000000019fb59c4,18.79
2518,2019-08-04T02:00:31Z,6f06341f358e61699fe1e55e986dd0554bc8da28b91daf0c5ad99db6,60.16629,24.95957,00000000fb7600be,25.36
2519,2019-08-04T02:00:31Z,747f2d1ebff218c0ebbdc0fdaef4cbe56633dfb46ae1b1f8c8142201,60.16762,24.95415,000000006b44cce7,21.87
2520,2019-08-04T02:00:31Z,79f136afa0dd8717337c01c70b457c464aaf0fa25b440f51a394ec23,60.16762,24.95415,000000006b44cce7,27.28
2521,2019-08-04T02:00:31Z,7de75f59d3110cdf6e742fba9785ed0399f83ea50e4c5d255adb21ff,60.16897,24.95222,00000000aa852af1,18.79
2522,2019-08-04T02:00:31Z,87dfaad29a9276ddddb1fa021d3bc23ad14824c1af16f7d87e713689,60.14951,24.92138,0000000006dd41f6,8.38
2523,2019-08-04T02:00:31Z,89982a6acf91b79a282a6b63978e946ee205f303fcd20e944e06baf0,60.16544,24.95398,0000000038d83d41,18.79
2524,2019-08-04T02:00:31Z,8c75c3289c84fe4493e1e272a77b615fe1985880c5dc68a7c1a17b53,60.16762,24.95415,000000006b44cce7,11.7
2525,2019-08-04T02:00:31Z,9041c42fbb1cf987ee209454d6f5fab418a20e06fd7625460be30fa6,60.16531,24.9442,00000000fdda10fe,44.58
2526,2019-08-04T02:00:31Z,91d3b80de4439a4a49ddb8a04d72a0a2ec6c08f351d70232842af567,60.16762,24.95415,000000006b44cce7,20.28
2527,2019-08-04T02:00:31Z,96c0705b3062754c4e9afc471e280530de69c8820bac642f30d4022b,60.16762,24.95415,000000006b44cce7,20.28
2528,2019-08-04T02:00:31Z,a3a21ef15e1883941a7ed2eb6150357ae068aa4b0b6ce6ca0482ea3a,60.1538,24.95595,0000000038bf9618,33.81
2529,2019-08-04T02:00:31Z,a3b4b2c08d30b2cbabe32fd49bcbb4f45f50a3f0b0e74f856bedb831,60.16762,24.95415,000000006b44cce7,10.78
2530,2019-08-04T02:00:31Z,a91d379a4b57c5df22db0d7a041ff69f657b4b31f28554b1011fc03c,60.16544,24.95398,0000000038d83d41,31.5
2531,2019-08-04T02:00:31Z,b5fd6b317890e5ab2d79e2cd1abe61626d45a753c7337d0d40728898,60.16762,24.95415,000000006b44cce7,6.46
2532,2019-08-04T02:00:31Z,c578a1f266f1ac8f40756ab095d6d81719f90b3a1d4c4808f72ce963,60.14951,24.92138,0000000006dd41f6,27.28
2533,2019-08-04T02:00:31Z,c9cb2b9de2b21abecad29584393bea94a97f282f234f310e2468d7a7,60.16075,24.95883,00000000f1124bca,27.28
2534,2019-08-04T02:00:31Z,cf05623e4d87ce0906c0b0b7dbf53aacc1228016cd27c341228b6e76,60.18203,24.91341,00000000342570c2,17.4
2535,2019-08-04T02:00:31Z,d0bb9fef9a0ef26adcdd4732c9c20361bce49826f32c2892242831b8,60.16762,24.95415,000000006b44cce7,18.79
2536,2019-08-04T02:00:31Z,f088630d7476dae7d4b7e2bb1f10575f2c89acb4b6e061f3d57c2b40,60.16531,24.9442,00000000fdda10fe,25.36
2537,2019-08-04T02:00:31Z,f31f5bdb4a4c81da52b05c2e91ed700307625920f573cdcf68c91d19,60.16897,24.95222,00000000aa852af1,29.32
2538,2019-08-04T02:00:31Z,f6609ab1076b1105bb845595a03b41b8fbb282f79c337df5bbc9f841,60.14699,24.922,00000000a53ed894,14.89
2539,2019-08-04T02:00:31Z,fc4f3a44235f1cfc7b53f14ba2da599976a5a0a220d23b852688e485,60.17919,24.95181,000000007b5207b6,31.5
2540,2019-08-04T02:00:31Z,032a59647297ad5458cd75a64c6405172cebb8eb2f33b7ab5ce92c4b,60.17918,24.95141,00000000675d5200,16.1
2541,2019-08-04T02:00:31Z,033315d9de4e24b31697b4d26c71dec6e314545795fc0bea96aaa565,60.16829,24.94214,00000000afef4555,25.36
2542,2019-08-04T02:00:31Z,046d88221ec15b64bcac02c9056c3cdd39e2ce29bc8cde90aa2d7ed9,60.16897,24.95222,00000000aa852af1,23.56
2543,2019-08-04T02:00:31Z,11acd771bb0e2f3b2f3e08a7f5e80f0f44e73a715bff0585bc669672,60.17002,24.94407,000000006b087f40,29.32
2544,2019-08-04T02:00:31Z,124a6ddd121114d11fcde48234ff0b8931d0f3fba2b00efd0948255c,60.16897,24.95222,00000000aa852af1,13.75
2545,2019-08-04T02:00:31Z,137a95acb1432cb5b163aa6e55df6f8d03cfd04b24a6938e6e4d659d,60.16762,24.95415,000000006b44cce7,1.7
2546,2019-08-04T02:00:31Z,1780f64a77699d00e2128b929079dfa4cbc3724f901639c7ca5049f1,60.16629,24.95957,00000000fb7600be,14.89
2547,2019-08-04T02:00:31Z,1dacfb371d75dd4f90f447aac2a00faad98beb4188a6971c19eb2375,60.16629,24.95957,00000000fb7600be,21.87
2548,2019-08-04T02:00:31Z,201bf4fc7952b70f96689a812948e3ad6bc7074c06604d4a1afa0b8e,60.17002,24.94407,000000006b087f40,25.36
2549,2019-08-04T02:00:31Z,2696f6a462520c8284659d993a9bf0545c2b2f278e1538f7f60dd1d3,60.17002,24.94407,000000006b087f40,11.7
2550,2019-08-04T02:00:31Z,2acdcfed6579c3f9a1683b1f56e28b2b7b75403200b054e6edd09fe7,60.1538,24.95595,0000000038bf9618,29.32
2551,2019-08-04T02:00:31Z,30fa308b62f0b2690eb8de9a8dcd711bb02917322258ed95a7c50362,60.17002,24.94407,000000006b087f40,25.36
2552,2019-08-04T02:00:31Z,339f6a365c38070f7de8fbf2f831e126f72a0f5d109d5be30735cb7e,60.16897,24.95222,00000000aa852af1,21.87
2553,2019-08-04T02:00:31Z,406c8df3855d308047a12843434f2fac7dc6a2dba12c20edbdf06606,60.1538,24.95595,0000000038bf9618,6.46
2554,2019-08-04T02:00:31Z,459509fc131667a09c22c1c1e882431109f49c8633286cd1497a38cf,60.16762,24.95415,000000006b44cce7,25.36
2555,2019-08-04T02:00:31Z,45f3f37f5104c27fc21a7db518e7a7f57b68709f23f02b5efa540f7a,60.14947,24.91438,000000004ef3150d,12.69
2556,2019-08-04T02:00:31Z,480fb4d21f468835d0f2dcb08f1de1762a769273f6735a320b3821d7,60.14699,24.922,00000000a53ed894,44.58
2557,2019-08-04T02:00:31Z,4933441a869df1350df5f0d62d5eb729a3e16345489767c9e3c7b25d,60.16829,24.94214,00000000afef4555,21.87
2558,2019-08-04T02:00:31Z,525fcaa2bcfbade9ef76800daa052aeb740a91f97ca5d6e1275cb745,60.16762,24.95415,000000006b44cce7,14.89
2559,2019-08-04T02:00:31Z,584cb0b0cdd14e608c8b57c8aecc9826f9b40027e365e2438a444ea2,60.16762,24.95415,000000006b44cce7,17.4
2560,2019-08-04T02:00:31Z,5a089a2b4bb3f5a34f57f2dcafd1462570fa59744c22e9b00735e8c6,60.1538,24.95595,0000000038bf9618,25.36
2561,2019-08-04T02:00:31Z,66e7412496e5ad9efd31af7a7f1a88e1fdcd371a60adfe516dd71704,60.16829,24.94214,00000000afef4555,20.28
2562,2019-08-04T02:00:31Z,699b48bb93c5befb62ff0686e75f158406b659f14daec16ab66d4499,60.15432,24.9211,0000000019fb59c4,21.87
2563,2019-08-04T02:00:31Z,6ff48066dbbd91fad556cf8d4584f5f79f7961521855734e82e4c187,60.16762,24.95415,000000006b44cce7,4.94
2564,2019-08-04T02:00:31Z,70cc7b0a8e166380ca0fbc55a58d9a59c9de9f05a9f95ebb82482d5a,60.16762,24.95415,000000006b44cce7,11.7
2565,2019-08-04T02:00:31Z,74cb545f76f0bfc5498607247e26e814276a11ce91f77208054ecbc5,60.17002,24.94407,000000006b087f40,20.28
2566,2019-08-04T02:00:31Z,7af0c77f50a36fde55c6116ce6fc95063a67a5db61e827b85739d62d,60.16762,24.95415,000000006b44cce7,17.4
2567,2019-08-04T02:00:31Z,7b91d732042030189a304f65807ba95cf9e2445e16fd7666747e7e56,60.1538,24.95595,0000000038bf9618,23.56
2568,2019-08-04T02:00:31Z,7bafc9b6f74b521018b3c6eb85088f47050dae502879caa96dcb94a6,60.1538,24.95595,0000000038bf9618,17.4
2569,2019-08-04T02:00:31Z,8839be224a62c0ebfd04c2a31407afbbf531a4f27231aeda6f3222b4,60.17002,24.94407,000000006b087f40,21.87
2570,2019-08-04T02:00:31Z,9173442e2f747f902896659a35f9782497dbe91c8c5c8e5b2c712fba,60.16897,24.95222,00000000aa852af1,8.38
2571,2019-08-04T02:00:31Z,9313086be16704612615b82b0fb0a2bac8d249cbf373b54d85a5b3f1,60.1538,24.95595,0000000038bf9618,25.36
2572,2019-08-04T02:00:31Z,94fb0519469907d303095ced8eea82b15282bbaf6df970a9d4025cb2,60.17002,24.94407,000000006b087f40,12.69
2573,2019-08-04T02:00:31Z,9885232e95a8b6b4437174be089c6af71b1fe0bddfea879d306b3041,60.17002,24.94407,000000006b087f40,23.56
2574,2019-08-04T02:00:31Z,9aa6011401452463ec819f07785394855c0b49c418b8e19d5fc768df,60.1538,24.95595,0000000038bf9618,33.81
2575,2019-08-04T02:00:31Z,a6ef5803703844038809924894eda35e25c165a826ee9c3f14bc41d7,60.17918,24.95141,00000000675d5200,7.05
2576,2019-08-04T02:00:31Z,aa1d7752e4be44a55f5bfc8df2f6c278afe69b5b19b79702a22908f8,60.1538,24.95595,0000000038bf9618,36.27
2577,2019-08-04T02:00:31Z,b506a9cd3cec63a7d46738cf85aca5e1af318642251763063cd376d8,60.16762,24.95415,000000006b44cce7,20.28
2578,2019-08-04T02:00:31Z,b6b900b0eb62ba369c75a8851299367b1ebd94fbf19ccfa3d5466248,60.1538,24.95595,0000000038bf9618,21.87
2579,2019-08-04T02:00:31Z,bc07df8cc395f6f4f5d483b2233caca5f93a6918f346e4cc3702f8cc,60.16531,24.9442,00000000fdda10fe,11.7
2580,2019-08-04T02:00:31Z,c0a0ca3433586ed2ae0e448f2406fabac7292ac79d49562e0bd5cef8,60.16762,24.95415,000000006b44cce7,13.75
2581,2019-08-04T02:00:31Z,cf01a59875fd999d9698c266b7634a09f9264a5ff26a1c3c48af9069,60.17002,24.94407,000000006b087f40,27.28
2582,2019-08-04T02:00:31Z,d216c5aae815b17688c826ff70440e8ff2c5b869fb63b024792f0e53,60.16829,24.94214,00000000afef4555,27.28
2583,2019-08-04T02:00:31Z,d6ad6fb5be8355cc1f877358ec4f09a2ba3df7c177e331113ef376a1,60.16829,24.94214,00000000afef4555,31.5
2584,2019-08-04T02:00:31Z,dc2e0f02adb13656668baaf52c062c10202521cf47f04a2c106becdd,60.16531,24.9442,00000000fdda10fe,25.36
2585,2019-08-04T02:00:31Z,e1bc48d02d172fa89085656433b35028a10ff453a3261a2634984559,60.149,24.9843,00000000fffb8cf0,33.81
2586,2019-08-04T02:00:31Z,e30c8d515f787275f7e911287d598f569fcfc5092a203f4c001d0dc6,60.16762,24.95415,000000006b44cce7,18.79
2587,2019-08-04T02:00:31Z,e8e8a9de5f61b99c3112c21d7e04620774bb5b9c615ec741aa5e8f66,60.1538,24.95595,0000000038bf9618,25.36
2588,2019-08-04T02:00:31Z,ecd3f6878f10e201456713c185926a3d85ae8b5eb2484b73f155ec5a,60.16531,24.9442,00000000fdda10fe,7.69
2589,2019-08-04T02:00:31Z,f2f62de93f5e3596a61d41a7fe5f0a10b2a73b89597cc33137ff5d2f,60.16829,24.94214,00000000afef4555,23.56
2590,2019-08-04T02:00:31Z,f39586246b349fd26e26b06bfdbf9149d03895270dfe4268dd7a6848,60.1538,24.95595,0000000038bf9618,33.81
2591,2019-08-04T02:00:31Z,f8273595f5e5729d41d9da6b8dd60a5b3bd34f343f1ffe267c18d619,60.16762,24.95415,000000006b44cce7,9.12
2592,2019-08-04T02:00:31Z,f9399339c3de44774896319d3f291771cebcaf2666df1d6062469882,60.16531,24.9442,00000000fdda10fe,27.28
2593,2019-08-04T02:00:31Z,fa52a42bfc016af263aa6de3e51a3c8e965865253feb53003081635e,60.16829,24.94214,00000000afef4555,18.79
2594,2019-08-04T02:00:32Z,14c7e1511b70f4dd3359cbece1377aebb4d70531f5489eefe53d7c3c,60.16544,24.95398,0000000038d83d41,23.56
2595,2019-08-04T02:00:32Z,165ebbb4090d47319ae370f0d0854fdc1f6b79499f8b2e4d3c3533c0,60.16544,24.95398,0000000038d83d41,27.28
2596,2019-08-04T02:00:32Z,297c725b456ef12d2712634b21546721cbe93224d3a5762d897404f2,60.16762,24.95415,000000006b44cce7,13.75
2597,2019-08-04T02:00:32Z,3944bc7a301be7241d1f7bc4a97f221000d535ce3d8a9af9af9b23b5,60.16531,24.9442,00000000fdda10fe,27.28
2598,2019-08-04T02:00:32Z,43b676ed3aef4c2d8846694817e76117873be52e7f788e0cb366c1c4,60.16629,24.95957,00000000fb7600be,23.56
2599,2019-08-04T02:00:32Z,43ea43e1aaac8d6d523965f79fd32aa5e5942a98e66e9b6dbaf67f8d,60.16897,24.95222,00000000aa852af1,12.69
2600,2019-08-04T02:00:32Z,5bbb5184fded3e51bc78e45e39917794285e6bbc72da404802a9599a,60.16531,24.9442,00000000fdda10fe,33.81
2601,2019-08-04T02:00:32Z,5c833bdbbf1fd3a307bb37daa4021d8b3d3342b1552dcc0989fe9b16,60.16762,24.95415,000000006b44cce7,11.7
2602,2019-08-04T02:00:32Z,5d65719c4cbf045f068d084b72302f447d5fd034413d97d13be00d0e,60.18203,24.91341,00000000342570c2,16.1
2603,2019-08-04T02:00:32Z,6066632ddc94b5c482a2d4f45ed2532e55e3fd63e414a084a596a737,60.16762,24.95415,000000006b44cce7,17.4
2604,2019-08-04T02:00:32Z,66dabd3229229330d23c70e9e1737429ddfe69db01f4a6a00f70fa20,60.16762,24.95415,000000006b44cce7,21.87
2605,2019-08-04T02:00:32Z,6a70e2fbced719333e21eff04fcb9cb36bae9a04d1a3d6ddd96f2c58,60.15432,24.9211,0000000019fb59c4,31.5
2606,2019-08-04T02:00:32Z,747f2d1ebff218c0ebbdc0fdaef4cbe56633dfb46ae1b1f8c8142201,60.16762,24.95415,000000006b44cce7,13.75
2607,2019-08-04T02:00:32Z,7986470a464b3209b8bd8128aa284404949b052dd423b443746edcff,60.14951,24.92138,0000000006dd41f6,25.36
2608,2019-08-04T02:00:32Z,79f136afa0dd8717337c01c70b457c464aaf0fa25b440f51a394ec23,60.16762,24.95415,000000006b44cce7,13.75
2609,2019-08-04T02:00:32Z,7de75f59d3110cdf6e742fba9785ed0399f83ea50e4c5d255adb21ff,60.16897,24.95222,00000000aa852af1,20.28
2610,2019-08-04T02:00:32Z,7e0d3e70e42ae3b88d2440369011c2e531e9bb6a530a855127b4d2dc,60.16762,24.95415,000000006b44cce7,31.5
2611,2019-08-04T02:00:32Z,87dfaad29a9276ddddb1fa021d3bc23ad14824c1af16f7d87e713689,60.14951,24.92138,0000000006dd41f6,11.7
2612,2019-08-04T02:00:32Z,89982a6acf91b79a282a6b63978e946ee205f303fcd20e944e06baf0,60.16544,24.95398,0000000038d83d41,18.79
2613,2019-08-04T02:00:32Z,8c75c3289c84fe4493e1e272a77b615fe1985880c5dc68a7c1a17b53,60.16762,24.95415,000000006b44cce7,14.89
2614,2019-08-04T02:00:32Z,91d3b80de4439a4a49ddb8a04d72a0a2ec6c08f351d70232842af567,60.16762,24.95415,000000006b44cce7,21.87
2615,2019-08-04T02:00:32Z,a3a21ef15e1883941a7ed2eb6150357ae068aa4b0b6ce6ca0482ea3a,60.1538,24.95595,0000000038bf9618,31.5
2616,2019-08-04T02:00:32Z,a3b4b2c08d30b2cbabe32fd49bcbb4f45f50a3f0b0e74f856bedb831,60.16762,24.95415,000000006b44cce7,9.12
2617,2019-08-04T02:00:32Z,a91d379a4b57c5df22db0d7a041ff69f657b4b31f28554b1011fc03c,60.16544,24.95398,0000000038d83d41,27.28
2618,2019-08-04T02:00:32Z,b33ae7715d6d2571066655c2c8954a5a364b5601869047de83410d9f,60.16629,24.95957,00000000fb7600be,20.28
2619,2019-08-04T02:00:32Z,b5fd6b317890e5ab2d79e2cd1abe61626d45a753c7337d0d40728898,60.16762,24.95415,000000006b44cce7,9.92
2620,2019-08-04T02:00:32Z,c40c37def6bf11a63a2556519a7c6233fd417cdeea2cf14f28e7c42c,60.16531,24.9442,00000000fdda10fe,21.87
2621,2019-08-04T02:00:32Z,c578a1f266f1ac8f40756ab095d6d81719f90b3a1d4c4808f72ce963,60.14951,24.92138,0000000006dd41f6,25.36
2622,2019-08-04T02:00:32Z,c9cb2b9de2b21abecad29584393bea94a97f282f234f310e2468d7a7,60.16075,24.95883,00000000f1124bca,27.28
2623,2019-08-04T02:00:32Z,ce197d5eedb5498917afe7ca3f7275ffeb191f0c5d050bffa154c1d2,60.16531,24.9442,00000000fdda10fe,38.87
2624,2019-08-04T02:00:32Z,cf05623e4d87ce0906c0b0b7dbf53aacc1228016cd27c341228b6e76,60.18203,24.91341,00000000342570c2,18.79
2625,2019-08-04T02:00:32Z,d0bb9fef9a0ef26adcdd4732c9c20361bce49826f32c2892242831b8,60.16762,24.95415,000000006b44cce7,14.89
2626,2019-08-04T02:00:32Z,f088630d7476dae7d4b7e2bb1f10575f2c89acb4b6e061f3d57c2b40,60.16531,24.9442,00000000fdda10fe,23.56
2627,2019-08-04T02:00:32Z,f1baf2e6f8f8efc9540b843a94791574ccbcb6268d9607cca31510af,60.16762,24.95415,000000006b44cce7,20.28
2628,2019-08-04T02:00:32Z,f6609ab1076b1105bb845595a03b41b8fbb282f79c337df5bbc9f841,60.14699,24.922,00000000a53ed894,16.1
2629,2019-08-04T02:00:32Z,fc4f3a44235f1cfc7b53f14ba2da599976a5a0a220d23b852688e485,60.17918,24.95141,00000000675d5200,29.32
2630,2019-08-04T02:00:32Z,ff27e3a9af8f0e98635eb22fa40f53c8ba8452eb24bf16bc715508ea,60.16762,24.95415,000000006b44cce7,29.32
2631,2019-08-04T02:00:32Z,032a59647297ad5458cd75a64c6405172cebb8eb2f33b7ab5ce92c4b,60.17918,24.95141,00000000675d5200,25.36
2632,2019-08-04T02:00:32Z,033315d9de4e24b31697b4d26c71dec6e314545795fc0bea96aaa565,60.16829,24.94214,00000000afef4555,25.36
2633,2019-08-04T02:00:32Z,046d88221ec15b64bcac02c9056c3cdd39e2ce29bc8cde90aa2d7ed9,60.16897,24.95222,00000000aa852af1,21.87
2634,2019-08-04T02:00:32Z,11acd771bb0e2f3b2f3e08a7f5e80f0f44e73a715bff0585bc669672,60.17002,24.94407,000000006b087f40,31.5
2635,2019-08-04T02:00:32Z,124a6ddd121114d11fcde48234ff0b8931d0f3fba2b00efd0948255c,60.16897,24.95222,00000000aa852af1,12.69
2636,2019-08-04T02:00:32Z,137a95acb1432cb5b163aa6e55df6f8d03cfd04b24a6938e6e4d659d,60.16762,24.95415,000000006b44cce7,0.59
2637,2019-08-04T02:00:32Z,1780f64a77699d00e2128b929079dfa4cbc3724f901639c7ca5049f1,60.16629,24.95957,00000000fb7600be,16.1
2638,2019-08-04T02:00:32Z,1dacfb371d75dd4f90f447aac2a00faad98beb4188a6971c19eb2375,60.16629,24.95957,00000000fb7600be,27.28
2639,2019-08-04T02:00:32Z,2696f6a462520c8284659d993a9bf0545c2b2f278e1538f7f60dd1d3,60.17002,24.94407,000000006b087f40,12.69
2640,2019-08-04T02:00:32Z,2acdcfed6579c3f9a1683b1f56e28b2b7b75403200b054e6edd09fe7,60.1538,24.95595,0000000038bf9618,31.5
2641,2019-08-04T02:00:32Z,30fa308b62f0b2690eb8de9a8dcd711bb02917322258ed95a7c50362,60.17002,24.94407,000000006b087f40,20.28
2642,2019-08-04T02:00:32Z,3846b2c6d16e1148505ccccee3bd759ac2f11b875ed06eb3e03b51f1,60.17002,24.94407,000000006b087f40,29.32
2643,2019-08-04T02:00:32Z,45f3f37f5104c27fc21a7db518e7a7f57b68709f23f02b5efa540f7a,60.14947,24.91438,000000004ef3150d,9.12
2644,2019-08-04T02:00:32Z,584cb0b0cdd14e608c8b57c8aecc9826f9b40027e365e2438a444ea2,60.16762,24.95415,000000006b44cce7,12.69
2645,2019-08-04T02:00:32Z,5a089a2b4bb3f5a34f57f2dcafd1462570fa59744c22e9b00735e8c6,60.1538,24.95595,0000000038bf9618,33.81
2646,2019-08-04T02:00:32Z,66e7412496e5ad9efd31af7a7f1a88e1fdcd371a60adfe516dd71704,60.16829,24.94214,00000000afef4555,21.87
2647,2019-08-04T02:00:32Z,699b48bb93c5befb62ff0686e75f158406b659f14daec16ab66d4499,60.15432,24.9211,0000000019fb59c4,18.79
2648,2019-08-04T02:00:32Z,6ff48066dbbd91fad556cf8d4584f5f79f7961521855734e82e4c187,60.16762,24.95415,000000006b44cce7,2.3
2649,2019-08-04T02:00:32Z,70cc7b0a8e166380ca0fbc55a58d9a59c9de9f05a9f95ebb82482d5a,60.16762,24.95415,000000006b44cce7,11.7
2650,2019-08-04T02:00:32Z,72e41e18be36571bb9da70ab3087ef307dd5f0366829c8d0457c9685,60.16829,24.94214,00000000afef4555,36.27
2651,2019-08-04T02:00:32Z,766fa923652ba92f13ab23349bce568d0b33dbf0ccdf7606e5e633ec,60.16531,24.9442,00000000fdda10fe,25.36
2652,2019-08-04T02:00:32Z,7a0f425ccdf5813a089dd619056db4cf41173803f079c37bab520825,60.18203,24.91341,00000000342570c2,27.28
2653,2019-08-04T02:00:32Z,7b91d732042030189a304f65807ba95cf9e2445e16fd7666747e7e56,60.1538,24.95595,0000000038bf9618,29.32
2654,2019-08-04T02:00:32Z,7bafc9b6f74b521018b3c6eb85088f47050dae502879caa96dcb94a6,60.1538,24.95595,0000000038bf9618,12.69
2655,2019-08-04T02:00:32Z,8b49994992a96e97c5f92629f1aca931941db8b36050ac6b25c3c67f,60.16897,24.95222,00000000aa852af1,16.1
2656,2019-08-04T02:00:32Z,9173442e2f747f902896659a35f9782497dbe91c8c5c8e5b2c712fba,60.16897,24.95222,00000000aa852af1,7.69
2657,2019-08-04T02:00:32Z,9313086be16704612615b82b0fb0a2bac8d249cbf373b54d85a5b3f1,60.1538,24.95595,0000000038bf9618,23.56
2658,2019-08-04T02:00:32Z,94fb0519469907d303095ced8eea82b15282bbaf6df970a9d4025cb2,60.17002,24.94407,000000006b087f40,17.4
2659,2019-08-04T02:00:32Z,9885232e95a8b6b4437174be089c6af71b1fe0bddfea879d306b3041,60.17002,24.94407,000000006b087f40,14.89
2660,2019-08-04T02:00:32Z,a6ef5803703844038809924894eda35e25c165a826ee9c3f14bc41d7,60.17918,24.95141,00000000675d5200,7.05
2661,2019-08-04T02:00:32Z,abde1ce60ef19a41508ac1f9661c3dec611550421c09cc568ced193f,60.17002,24.94407,000000006b087f40,29.32
2662,2019-08-04T02:00:32Z,b38900c896751899e1c20c791610870bbbde7839746846d07481e0c7,60.16829,24.94214,00000000afef4555,14.89
2663,2019-08-04T02:00:32Z,b506a9cd3cec63a7d46738cf85aca5e1af318642251763063cd376d8,60.16762,24.95415,000000006b44cce7,9.12
2664,2019-08-04T02:00:32Z,b6b900b0eb62ba369c75a8851299367b1ebd94fbf19ccfa3d5466248,60.1538,24.95595,0000000038bf9618,20.28
2665,2019-08-04T02:00:32Z,bc07df8cc395f6f4f5d483b2233caca5f93a6918f346e4cc3702f8cc,60.16531,24.9442,00000000fdda10fe,12.69
2666,2019-08-04T02:00:32Z,c0a0ca3433586ed2ae0e448f2406fabac7292ac79d49562e0bd5cef8,60.16762,24.95415,000000006b44cce7,14.89
2667,2019-08-04T02:00:32Z,dc2e0f02adb13656668baaf52c062c10202521cf47f04a2c106becdd,60.16531,24.9442,00000000fdda10fe,29.32
2668,2019-08-04T02:00:32Z,e1bc48d02d172fa89085656433b35028a10ff453a3261a2634984559,60.149,24.9843,00000000fffb8cf0,27.28
2669,2019-08-04T02:00:32Z,e30c8d515f787275f7e911287d598f569fcfc5092a203f4c001d0dc6,60.16762,24.95415,000000006b44cce7,25.36
2670,2019-08-04T02:00:32Z,e66dee158121004b2a8098c673bc0d10944147d07f5f738cb9dd32be,60.16829,24.94214,00000000afef4555,20.28
2671,2019-08-04T02:00:32Z,e7baeb3fa75db84982c28c08efcf29a123618b687c634aae2f7a2b1a,60.16531,24.9442,00000000fdda10fe,20.28
2672,2019-08-04T02:00:32Z,e8e8a9de5f61b99c3112c21d7e04620774bb5b9c615ec741aa5e8f66,60.1538,24.95595,0000000038bf9618,33.81
2673,2019-08-04T02:00:32Z,ecd3f6878f10e201456713c185926a3d85ae8b5eb2484b73f155ec5a,60.16531,24.9442,00000000fdda10fe,7.05
2674,2019-08-04T02:00:32Z,f2f62de93f5e3596a61d41a7fe5f0a10b2a73b89597cc33137ff5d2f,60.16829,24.94214,00000000afef4555,18.79
2675,2019-08-04T02:00:32Z,f39586246b349fd26e26b06bfdbf9149d03895270dfe4268dd7a6848,60.1538,24.95595,0000000038bf9618,21.87
2676,2019-08-04T02:00:32Z,f8273595f5e5729d41d9da6b8dd60a5b3bd34f343f1ffe267c18d619,60.16762,24.95415,000000006b44cce7,20.28
2677,2019-08-04T02:00:32Z,fa52a42bfc016af263aa6de3e51a3c8e965865253feb53003081635e,60.16829,24.94214,00000000afef4555,21.87
2678,2019-08-04T02:00:33Z,14c7e1511b70f4dd3359cbece1377aebb4d70531f5489eefe53d7c3c,60.16544,24.95398,0000000038d83d41,21.87
2679,2019-08-04T02:00:33Z,14e83782ccabb257baae139da0719f02e38e6c17f3fe91e3d9f17a89,60.16829,24.94214,00000000afef4555,36.27
2680,2019-08-04T02:00:33Z,165ebbb4090d47319ae370f0d0854fdc1f6b79499f8b2e4d3c3533c0,60.16544,24.95398,0000000038d83d41,25.36
2681,2019-08-04T02:00:33Z,297c725b456ef12d2712634b21546721cbe93224d3a5762d897404f2,60.16762,24.95415,000000006b44cce7,9.92
2682,2019-08-04T02:00:33Z,3944bc7a301be7241d1f7bc4a97f221000d535ce3d8a9af9af9b23b5,60.16531,24.9442,00000000fdda10fe,29.32
2683,2019-08-04T02:00:33Z,43b676ed3aef4c2d8846694817e76117873be52e7f788e0cb366c1c4,60.16629,24.95957,00000000fb7600be,25.36
2684,2019-08-04T02:00:33Z,43ea43e1aaac8d6d523965f79fd32aa5e5942a98e66e9b6dbaf67f8d,60.16897,24.95222,00000000aa852af1,14.89
2685,2019-08-04T02:00:33Z,5bbb5184fded3e51bc78e45e39917794285e6bbc72da404802a9599a,60.16531,24.9442,00000000fdda10fe,38.87
2686,2019-08-04T02:00:33Z,5c833bdbbf1fd3a307bb37daa4021d8b3d3342b1552dcc0989fe9b16,60.16762,24.95415,000000006b44cce7,9.92
2687,2019-08-04T02:00:33Z,5d65719c4cbf045f068d084b72302f447d5fd034413d97d13be00d0e,60.18203,24.91341,00000000342570c2,20.28
2688,2019-08-04T02:00:33Z,6066632ddc94b5c482a2d4f45ed2532e55e3fd63e414a084a596a737,60.16762,24.95415,000000006b44cce7,18.79
2689,2019-08-04T02:00:33Z,66dabd3229229330d23c70e9e1737429ddfe69db01f4a6a00f70fa20,60.16762,24.95415,000000006b44cce7,20.28
2690,2019-08-04T02:00:33Z,6a70e2fbced719333e21eff04fcb9cb36bae9a04d1a3d6ddd96f2c58,60.15432,24.9211,0000000019fb59c4,20.28
2691,2019-08-04T02:00:33Z,6f06341f358e61699fe1e55e986dd0554bc8da28b91daf0c5ad99db6,60.16629,24.95957,00000000fb7600be,27.28
2692,2019-08-04T02:00:33Z,6ff437688c444238352c28f64f9d2a7d0f14d19c9ea42c225380501e,60.16762,24.95415,000000006b44cce7,18.79
2693,2019-08-04T02:00:33Z,747f2d1ebff218c0ebbdc0fdaef4cbe56633dfb46ae1b1f8c8142201,60.16762,24.95415,000000006b44cce7,12.69
2694,2019-08-04T02:00:33Z,793101e1460a163336a3cac64fab8c81000c19084220aefc41e83e08,60.14951,24.92138,0000000006dd41f6,38.87
2695,2019-08-04T02:00:33Z,79f136afa0dd8717337c01c70b457c464aaf0fa25b440f51a394ec23,60.16762,24.95415,000000006b44cce7,11.7
2696,2019-08-04T02:00:33Z,7de75f59d3110cdf6e742fba9785ed0399f83ea50e4c5d255adb21ff,60.16897,24.95222,00000000aa852af1,18.79
2697,2019-08-04T02:00:33Z,87dfaad29a9276ddddb1fa021d3bc23ad14824c1af16f7d87e713689,60.14951,24.92138,0000000006dd41f6,11.7
2698,2019-08-04T02:00:33Z,89982a6acf91b79a282a6b63978e946ee205f303fcd20e944e06baf0,60.16544,24.95398,0000000038d83d41,29.32
2699,2019-08-04T02:00:33Z,8c75c3289c84fe4493e1e272a77b615fe1985880c5dc68a7c1a17b53,60.16762,24.95415,000000006b44cce7,10.78
2700,2019-08-04T02:00:33Z,91d3b80de4439a4a49ddb8a04d72a0a2ec6c08f351d70232842af567,60.16762,24.95415,000000006b44cce7,29.32
2701,2019-08-04T02:00:33Z,a3b4b2c08d30b2cbabe32fd49bcbb4f45f50a3f0b0e74f856bedb831,60.16762,24.95415,000000006b44cce7,18.79
2702,2019-08-04T02:00:33Z,a91d379a4b57c5df22db0d7a041ff69f657b4b31f28554b1011fc03c,60.16544,24.95398,0000000038d83d41,31.5
2703,2019-08-04T02:00:33Z,b5fd6b317890e5ab2d79e2cd1abe61626d45a753c7337d0d40728898,60.16762,24.95415,000000006b44cce7,5.91
2704,2019-08-04T02:00:33Z,c9cb2b9de2b21abecad29584393bea94a97f282f234f310e2468d7a7,60.16075,24.95883,00000000f1124bca,21.87
2705,2019-08-04T02:00:33Z,ce197d5eedb5498917afe7ca3f7275ffeb191f0c5d050bffa154c1d2,60.16531,24.9442,00000000fdda10fe,36.27
2706,2019-08-04T02:00:33Z,cf05623e4d87ce0906c0b0b7dbf53aacc1228016cd27c341228b6e76,60.18203,24.91341,00000000342570c2,18.79
2707,2019-08-04T02:00:33Z,d0bb9fef9a0ef26adcdd4732c9c20361bce49826f32c2892242831b8,60.16762,24.95415,000000006b44cce7,20.28
2708,2019-08-04T02:00:33Z,f088630d7476dae7d4b7e2bb1f10575f2c89acb4b6e061f3d57c2b40,60.16531,24.9442,00000000fdda10fe,27.28
2709,2019-08-04T02:00:33Z,f31f5bdb4a4c81da52b05c2e91ed700307625920f573cdcf68c91d19,60.16897,24.95222,00000000aa852af1,33.81
2710,2019-08-04T02:00:33Z,f6609ab1076b1105bb845595a03b41b8fbb282f79c337df5bbc9f841,60.14699,24.922,00000000a53ed894,14.89
2711,2019-08-04T02:00:33Z,fc4f3a44235f1cfc7b53f14ba2da599976a5a0a220d23b852688e485,60.17918,24.95141,00000000675d5200,25.36
2712,2019-08-04T02:00:33Z,032a59647297ad5458cd75a64c6405172cebb8eb2f33b7ab5ce92c4b,60.17918,24.95141,00000000675d5200,17.4
2713,2019-08-04T02:00:33Z,0486b4520285f3ca2132b986edabb7c19dfc5708a6c163ff40ed37b9,60.16448,24.97323,0000000053c6c2be,16.1
2714,2019-08-04T02:00:33Z,11acd771bb0e2f3b2f3e08a7f5e80f0f44e73a715bff0585bc669672,60.17002,24.94407,000000006b087f40,25.36
2715,2019-08-04T02:00:33Z,124a6ddd121114d11fcde48234ff0b8931d0f3fba2b00efd0948255c,60.16897,24.95222,00000000aa852af1,20.28
2716,2019-08-04T02:00:33Z,137a95acb1432cb5b163aa6e55df6f8d03cfd04b24a6938e6e4d659d,60.16762,24.95415,000000006b44cce7,2.54
2717,2019-08-04T02:00:33Z,1780f64a77699d00e2128b929079dfa4cbc3724f901639c7ca5049f1,60.16629,24.95957,00000000fb7600be,27.28
2718,2019-08-04T02:00:33Z,1dacfb371d75dd4f90f447aac2a00faad98beb4188a6971c19eb2375,60.16629,24.95957,00000000fb7600be,27.28
2719,2019-08-04T02:00:33Z,26166cf5b9b16d54fc1561e096e46512a7b60243de6b9acdf28d33b1,60.16829,24.94214,00000000afef4555,23.56
2720,2019-08-04T02:00:33Z,2696f6a462520c8284659d993a9bf0545c2b2f278e1538f7f60dd1d3,60.17002,24.94407,000000006b087f40,14.89
2721,2019-08-04T02:00:33Z,2acdcfed6579c3f9a1683b1f56e28b2b7b75403200b054e6edd09fe7,60.1538,24.95595,0000000038bf9618,23.56
2722,2019-08-04T02:00:33Z,30fa308b62f0b2690eb8de9a8dcd711bb02917322258ed95a7c50362,60.17002,24.94407,000000006b087f40,20.28
2723,2019-08-04T02:00:33Z,339f6a365c38070f7de8fbf2f831e126f72a0f5d109d5be30735cb7e,60.16897,24.95222,00000000aa852af1,27.28
2724,2019-08-04T02:00:33Z,406c8df3855d308047a12843434f2fac7dc6a2dba12c20edbdf06606,60.1538,24.95595,0000000038bf9618,6.46
2725,2019-08-04T02:00:33Z,45f3f37f5104c27fc21a7db518e7a7f57b68709f23f02b5efa540f7a,60.14947,24.91438,000000004ef3150d,9.12
2726,2019-08-04T02:00:33Z,47de555c057bf55633de335cbcd553c3ed54cb6937bf717f3e9c2098,60.1538,24.95595,0000000038bf9618,29.32
2727,2019-08-04T02:00:33Z,525fcaa2bcfbade9ef76800daa052aeb740a91f97ca5d6e1275cb745,60.16762,24.95415,000000006b44cce7,16.1
2728,2019-08-04T02:00:33Z,584cb0b0cdd14e608c8b57c8aecc9826f9b40027e365e2438a444ea2,60.16762,24.95415,000000006b44cce7,17.4
2729,2019-08-04T02:00:33Z,66e7412496e5ad9efd31af7a7f1a88e1fdcd371a60adfe516dd71704,60.16829,24.94214,00000000afef4555,21.87
2730,2019-08-04T02:00:33Z,6ff48066dbbd91fad556cf8d4584f5f79f7961521855734e82e4c187,60.16762,24.95415,000000006b44cce7,1.38
2731,2019-08-04T02:00:33Z,70cc7b0a8e166380ca0fbc55a58d9a59c9de9f05a9f95ebb82482d5a,60.16762,24.95415,000000006b44cce7,14.89
2732,2019-08-04T02:00:33Z,7af0c77f50a36fde55c6116ce6fc95063a67a5db61e827b85739d62d,60.16762,24.95415,000000006b44cce7,17.4
2733,2019-08-04T02:00:33Z,7b91d732042030189a304f65807ba95cf9e2445e16fd7666747e7e56,60.1538,24.95595,0000000038bf9618,29.32
2734,2019-08-04T02:00:33Z,7bafc9b6f74b521018b3c6eb85088f47050dae502879caa96dcb94a6,60.1538,24.95595,0000000038bf9618,14.89
2735,2019-08-04T02:00:33Z,8b49994992a96e97c5f92629f1aca931941db8b36050ac6b25c3c67f,60.16897,24.95222,00000000aa852af1,14.89
2736,2019-08-04T02:00:33Z,9173442e2f747f902896659a35f9782497dbe91c8c5c8e5b2c712fba,60.16897,24.95222,00000000aa852af1,9.12
2737,2019-08-04T02:00:33Z,9313086be16704612615b82b0fb0a2bac8d249cbf373b54d85a5b3f1,60.1538,24.95595,0000000038bf9618,33.81
2738,2019-08-04T02:00:33Z,9885232e95a8b6b4437174be089c6af71b1fe0bddfea879d306b3041,60.17002,24.94407,000000006b087f40,14.89
2739,2019-08-04T02:00:33Z,9aa6011401452463ec819f07785394855c0b49c418b8e19d5fc768df,60.1538,24.95595,0000000038bf9618,36.27
2740,2019-08-04T02:00:33Z,a6ef5803703844038809924894eda35e25c165a826ee9c3f14bc41d7,60.17918,24.95141,00000000675d5200,7.69
2741,2019-08-04T02:00:33Z,aa1d7752e4be44a55f5bfc8df2f6c278afe69b5b19b79702a22908f8,60.1538,24.95595,0000000038bf9618,25.36
2742,2019-08-04T02:00:33Z,abde1ce60ef19a41508ac1f9661c3dec611550421c09cc568ced193f,60.17002,24.94407,000000006b087f40,25.36
2743,2019-08-04T02:00:33Z,b38900c896751899e1c20c791610870bbbde7839746846d07481e0c7,60.16829,24.94214,00000000afef4555,13.75
2744,2019-08-04T02:00:33Z,b506a9cd3cec63a7d46738cf85aca5e1af318642251763063cd376d8,60.16762,24.95415,000000006b44cce7,20.28
2745,2019-08-04T02:00:33Z,b6b900b0eb62ba369c75a8851299367b1ebd94fbf19ccfa3d5466248,60.1538,24.95595,0000000038bf9618,23.56
2746,2019-08-04T02:00:33Z,bc07df8cc395f6f4f5d483b2233caca5f93a6918f346e4cc3702f8cc,60.16531,24.9442,00000000fdda10fe,7.05
2747,2019-08-04T02:00:33Z,d00f32677e342c7dcb88c9fa30272e08ec9a4f49d8006dffbf598a03,60.16762,24.95415,000000006b44cce7,17.4
2748,2019-08-04T02:00:33Z,d6ad6fb5be8355cc1f877358ec4f09a2ba3df7c177e331113ef376a1,60.16829,24.94214,00000000afef4555,18.79
2749,2019-08-04T02:00:33Z,e1bc48d02d172fa89085656433b35028a10ff453a3261a2634984559,60.149,24.9843,00000000fffb8cf0,16.1
2750,2019-08-04T02:00:33Z,e8e8a9de5f61b99c3112c21d7e04620774bb5b9c615ec741aa5e8f66,60.1538,24.95595,0000000038bf9618,27.28
2751,2019-08-04T02:00:33Z,ecd3f6878f10e201456713c185926a3d85ae8b5eb2484b73f155ec5a,60.16531,24.9442,00000000fdda10fe,7.05
2752,2019-08-04T02:00:33Z,f2f62de93f5e3596a61d41a7fe5f0a10b2a73b89597cc33137ff5d2f,60.16829,24.94214,00000000afef4555,21.87
2753,2019-08-04T02:00:33Z,f39586246b349fd26e26b06bfdbf9149d03895270dfe4268dd7a6848,60.1538,24.95595,0000000038bf9618,29.32
2754,2019-08-04T02:00:33Z,f8273595f5e5729d41d9da6b8dd60a5b3bd34f343f1ffe267c18d619,60.16762,24.95415,000000006b44cce7,18.79
2755,2019-08-04T02:00:33Z,f9399339c3de44774896319d3f291771cebcaf2666df1d6062469882,60.16531,24.9442,00000000fdda10fe,33.81
2756,2019-08-04T02:00:33Z,fa52a42bfc016af263aa6de3e51a3c8e965865253feb53003081635e,60.16829,24.94214,00000000afef4555,18.79
2757,2019-08-04T02:00:34Z,14c7e1511b70f4dd3359cbece1377aebb4d70531f5489eefe53d7c3c,60.16544,24.95398,0000000038d83d41,23.56
2758,2019-08-04T02:00:34Z,165ebbb4090d47319ae370f0d0854fdc1f6b79499f8b2e4d3c3533c0,60.16544,24.95398,0000000038d83d41,29.32
2759,2019-08-04T02:00:34Z,297c725b456ef12d2712634b21546721cbe93224d3a5762d897404f2,60.16762,24.95415,000000006b44cce7,11.7
2760,2019-08-04T02:00:34Z,3944bc7a301be7241d1f7bc4a97f221000d535ce3d8a9af9af9b23b5,60.16531,24.9442,00000000fdda10fe,27.28
2761,2019-08-04T02:00:34Z,43b676ed3aef4c2d8846694817e76117873be52e7f788e0cb366c1c4,60.16629,24.95957,00000000fb7600be,25.36
2762,2019-08-04T02:00:34Z,43ea43e1aaac8d6d523965f79fd32aa5e5942a98e66e9b6dbaf67f8d,60.16897,24.95222,00000000aa852af1,25.36
2763,2019-08-04T02:00:34Z,5bbb5184fded3e51bc78e45e39917794285e6bbc72da404802a9599a,60.16531,24.9442,00000000fdda10fe,21.87
2764,2019-08-04T02:00:34Z,5c833bdbbf1fd3a307bb37daa4021d8b3d3342b1552dcc0989fe9b16,60.16762,24.95415,000000006b44cce7,18.79
2765,2019-08-04T02:00:34Z,5d65719c4cbf045f068d084b72302f447d5fd034413d97d13be00d0e,60.18203,24.91341,00000000342570c2,17.4
2766,2019-08-04T02:00:34Z,6066632ddc94b5c482a2d4f45ed2532e55e3fd63e414a084a596a737,60.16762,24.95415,000000006b44cce7,23.56
2767,2019-08-04T02:00:34Z,66dabd3229229330d23c70e9e1737429ddfe69db01f4a6a00f70fa20,60.16762,24.95415,000000006b44cce7,20.28
2768,2019-08-04T02:00:34Z,6a70e2fbced719333e21eff04fcb9cb36bae9a04d1a3d6ddd96f2c58,60.15432,24.9211,0000000019fb59c4,20.28
2769,2019-08-04T02:00:34Z,6c4c3fd8fa1c46dafdf6c420406a7ed41d85ebbdee767b1937ce6af0,60.16762,24.95415,000000006b44cce7,27.28
2770,2019-08-04T02:00:34Z,6ff437688c444238352c28f64f9d2a7d0f14d19c9ea42c225380501e,60.16762,24.95415,000000006b44cce7,25.36
2771,2019-08-04T02:00:34Z,747f2d1ebff218c0ebbdc0fdaef4cbe56633dfb46ae1b1f8c8142201,60.16762,24.95415,000000006b44cce7,12.69
2772,2019-08-04T02:00:34Z,79f136afa0dd8717337c01c70b457c464aaf0fa25b440f51a394ec23,60.16762,24.95415,000000006b44cce7,14.89
2773,2019-08-04T02:00:34Z,7de75f59d3110cdf6e742fba9785ed0399f83ea50e4c5d255adb21ff,60.16897,24.95222,00000000aa852af1,23.56
2774,2019-08-04T02:00:34Z,87dfaad29a9276ddddb1fa021d3bc23ad14824c1af16f7d87e713689,60.14951,24.92138,0000000006dd41f6,11.7
2775,2019-08-04T02:00:34Z,89982a6acf91b79a282a6b63978e946ee205f303fcd20e944e06baf0,60.16544,24.95398,0000000038d83d41,18.79
2776,2019-08-04T02:00:34Z,8c75c3289c84fe4493e1e272a77b615fe1985880c5dc68a7c1a17b53,60.16762,24.95415,000000006b44cce7,10.78
2777,2019-08-04T02:00:34Z,9041c42fbb1cf987ee209454d6f5fab418a20e06fd7625460be30fa6,60.16531,24.9442,00000000fdda10fe,36.27
2778,2019-08-04T02:00:34Z,96c0705b3062754c4e9afc471e280530de69c8820bac642f30d4022b,60.16762,24.95415,000000006b44cce7,23.56
2779,2019-08-04T02:00:34Z,a3a21ef15e1883941a7ed2eb6150357ae068aa4b0b6ce6ca0482ea3a,60.1538,24.95595,0000000038bf9618,44.58
2780,2019-08-04T02:00:34Z,a3b4b2c08d30b2cbabe32fd49bcbb4f45f50a3f0b0e74f856bedb831,60.16762,24.95415,000000006b44cce7,11.7
2781,2019-08-04T02:00:34Z,a91d379a4b57c5df22db0d7a041ff69f657b4b31f28554b1011fc03c,60.16544,24.95398,0000000038d83d41,27.28
2782,2019-08-04T02:00:34Z,b33ae7715d6d2571066655c2c8954a5a364b5601869047de83410d9f,60.16629,24.95957,00000000fb7600be,23.56
2783,2019-08-04T02:00:34Z,b5fd6b317890e5ab2d79e2cd1abe61626d45a753c7337d0d40728898,60.16762,24.95415,000000006b44cce7,7.69
2784,2019-08-04T02:00:34Z,c9cb2b9de2b21abecad29584393bea94a97f282f234f310e2468d7a7,60.16075,24.95883,00000000f1124bca,27.28
2785,2019-08-04T02:00:34Z,ce197d5eedb5498917afe7ca3f7275ffeb191f0c5d050bffa154c1d2,60.16531,24.9442,00000000fdda10fe,29.32
2786,2019-08-04T02:00:34Z,cf05623e4d87ce0906c0b0b7dbf53aacc1228016cd27c341228b6e76,60.18203,24.91341,00000000342570c2,17.4
2787,2019-08-04T02:00:34Z,d3a7551bf49985224896e28a8242dbfe20c7a5e4642726a7febfce7b,60.17002,24.94407,000000006b087f40,25.36
2788,2019-08-04T02:00:34Z,f088630d7476dae7d4b7e2bb1f10575f2c89acb4b6e061f3d57c2b40,60.16531,24.9442,00000000fdda10fe,25.36
2789,2019-08-04T02:00:34Z,f6609ab1076b1105bb845595a03b41b8fbb282f79c337df5bbc9f841,60.14699,24.922,00000000a53ed894,14.89
2790,2019-08-04T02:00:34Z,fc4f3a44235f1cfc7b53f14ba2da599976a5a0a220d23b852688e485,60.17918,24.95141,00000000675d5200,29.32
2791,2019-08-04T02:00:34Z,ff27e3a9af8f0e98635eb22fa40f53c8ba8452eb24bf16bc715508ea,60.16762,24.95415,000000006b44cce7,27.28
2792,2019-08-04T02:00:34Z,032a59647297ad5458cd75a64c6405172cebb8eb2f33b7ab5ce92c4b,60.17918,24.95141,00000000675d5200,29.32
2793,2019-08-04T02:00:34Z,033315d9de4e24b31697b4d26c71dec6e314545795fc0bea96aaa565,60.16829,24.94214,00000000afef4555,29.32
2794,2019-08-04T02:00:34Z,0486b4520285f3ca2132b986edabb7c19dfc5708a6c163ff40ed37b9,60.16448,24.97323,0000000053c6c2be,17.4
2795,2019-08-04T02:00:34Z,11acd771bb0e2f3b2f3e08a7f5e80f0f44e73a715bff0585bc669672,60.17002,24.94407,000000006b087f40,29.32
2796,2019-08-04T02:00:34Z,124a6ddd121114d11fcde48234ff0b8931d0f3fba2b00efd0948255c,60.16897,24.95222,00000000aa852af1,7.05
2797,2019-08-04T02:00:34Z,137a95acb1432cb5b163aa6e55df6f8d03cfd04b24a6938e6e4d659d,60.16762,24.95415,000000006b44cce7,4.94
2798,2019-08-04T02:00:34Z,1780f64a77699d00e2128b929079dfa4cbc3724f901639c7ca5049f1,60.16629,24.95957,00000000fb7600be,17.4
2799,2019-08-04T02:00:34Z,1dacfb371d75dd4f90f447aac2a00faad98beb4188a6971c19eb2375,60.16629,24.95957,00000000fb7600be,27.28
2800,2019-08-04T02:00:34Z,30fa308b62f0b2690eb8de9a8dcd711bb02917322258ed95a7c50362,60.17002,24.94407,000000006b087f40,25.36
2801,2019-08-04T02:00:34Z,3846b2c6d16e1148505ccccee3bd759ac2f11b875ed06eb3e03b51f1,60.17002,24.94407,000000006b087f40,31.5
2802,2019-08-04T02:00:34Z,3887fec87dd40ed28900ea630ba55753da933476c2f9d019a0ad8d90,60.16829,24.94214,00000000afef4555,23.56
2803,2019-08-04T02:00:34Z,45f3f37f5104c27fc21a7db518e7a7f57b68709f23f02b5efa540f7a,60.14947,24.91438,000000004ef3150d,12.69
2804,2019-08-04T02:00:34Z,4c3b8a7c738751ab5f9248766749e3c897b23514b294f34880eff55a,60.16897,24.95222,00000000aa852af1,29.32
2805,2019-08-04T02:00:34Z,525fcaa2bcfbade9ef76800daa052aeb740a91f97ca5d6e1275cb745,60.16762,24.95415,000000006b44cce7,11.7
2806,2019-08-04T02:00:34Z,584cb0b0cdd14e608c8b57c8aecc9826f9b40027e365e2438a444ea2,60.16762,24.95415,000000006b44cce7,13.75
2807,2019-08-04T02:00:34Z,58b7c53decdf23347782d6442cb4349ee5312db1d5ba8da9e4c2af25,60.16762,24.95415,000000006b44cce7,17.4
2808,2019-08-04T02:00:34Z,66e7412496e5ad9efd31af7a7f1a88e1fdcd371a60adfe516dd71704,60.16829,24.94214,00000000afef4555,21.87
2809,2019-08-04T02:00:34Z,6ff48066dbbd91fad556cf8d4584f5f79f7961521855734e82e4c187,60.16762,24.95415,000000006b44cce7,0.23
2810,2019-08-04T02:00:34Z,70cc7b0a8e166380ca0fbc55a58d9a59c9de9f05a9f95ebb82482d5a,60.16762,24.95415,000000006b44cce7,12.69
2811,2019-08-04T02:00:34Z,74390917ccdf9b6f212820c4438a7276ecd5342f291b0c32705385e3,60.16897,24.95222,00000000aa852af1,36.27
2812,2019-08-04T02:00:34Z,7b91d732042030189a304f65807ba95cf9e2445e16fd7666747e7e56,60.1538,24.95595,0000000038bf9618,25.36
2813,2019-08-04T02:00:34Z,7bafc9b6f74b521018b3c6eb85088f47050dae502879caa96dcb94a6,60.1538,24.95595,0000000038bf9618,13.75
2814,2019-08-04T02:00:34Z,8b49994992a96e97c5f92629f1aca931941db8b36050ac6b25c3c67f,60.16897,24.95222,00000000aa852af1,13.75
2815,2019-08-04T02:00:34Z,9173442e2f747f902896659a35f9782497dbe91c8c5c8e5b2c712fba,60.16897,24.95222,00000000aa852af1,14.89
2816,2019-08-04T02:00:34Z,9885232e95a8b6b4437174be089c6af71b1fe0bddfea879d306b3041,60.17002,24.94407,000000006b087f40,23.56
2817,2019-08-04T02:00:34Z,9d713c9ce415e473048b45bbb35d6dcdef35cabaca39aa54f2e781a3,60.16531,24.9442,00000000fdda10fe,38.87
2818,2019-08-04T02:00:34Z,a6ef5803703844038809924894eda35e25c165a826ee9c3f14bc41d7,60.17918,24.95141,00000000675d5200,9.92
2819,2019-08-04T02:00:34Z,aa1d7752e4be44a55f5bfc8df2f6c278afe69b5b19b79702a22908f8,60.1538,24.95595,0000000038bf9618,29.32
2820,2019-08-04T02:00:34Z,abde1ce60ef19a41508ac1f9661c3dec611550421c09cc568ced193f,60.17002,24.94407,000000006b087f40,27.28
2821,2019-08-04T02:00:34Z,b38900c896751899e1c20c791610870bbbde7839746846d07481e0c7,60.16829,24.94214,00000000afef4555,17.4
2822,2019-08-04T02:00:34Z,b506a9cd3cec63a7d46738cf85aca5e1af318642251763063cd376d8,60.16762,24.95415,000000006b44cce7,17.4
2823,2019-08-04T02:00:34Z,b6b900b0eb62ba369c75a8851299367b1ebd94fbf19ccfa3d5466248,60.1538,24.95595,0000000038bf9618,29.32
2824,2019-08-04T02:00:34Z,bc07df8cc395f6f4f5d483b2233caca5f93a6918f346e4cc3702f8cc,60.16531,24.9442,00000000fdda10fe,9.12
2825,2019-08-04T02:00:34Z,c0a0ca3433586ed2ae0e448f2406fabac7292ac79d49562e0bd5cef8,60.16762,24.95415,000000006b44cce7,11.7
2826,2019-08-04T02:00:34Z,d00f32677e342c7dcb88c9fa30272e08ec9a4f49d8006dffbf598a03,60.16762,24.95415,000000006b44cce7,20.28
2827,2019-08-04T02:00:34Z,d6ad6fb5be8355cc1f877358ec4f09a2ba3df7c177e331113ef376a1,60.16829,24.94214,00000000afef4555,17.4
2828,2019-08-04T02:00:34Z,dc2e0f02adb13656668baaf52c062c10202521cf47f04a2c106becdd,60.16531,24.9442,00000000fdda10fe,17.4
2829,2019-08-04T02:00:34Z,e1bc48d02d172fa89085656433b35028a10ff453a3261a2634984559,60.149,24.9843,00000000fffb8cf0,31.5
2830,2019-08-04T02:00:34Z,e5b564cf327f7db10f48bff6a13bbcb59e968da0f12c91756dfdfc09,60.16762,24.95415,000000006b44cce7,20.28
2831,2019-08-04T02:00:34Z,e66dee158121004b2a8098c673bc0d10944147d07f5f738cb9dd32be,60.16829,24.94214,00000000afef4555,27.28
2832,2019-08-04T02:00:34Z,e8e8a9de5f61b99c3112c21d7e04620774bb5b9c615ec741aa5e8f66,60.1538,24.95595,0000000038bf9618,33.81
2833,2019-08-04T02:00:34Z,ecd3f6878f10e201456713c185926a3d85ae8b5eb2484b73f155ec5a,60.16531,24.9442,00000000fdda10fe,7.69
2834,2019-08-04T02:00:34Z,f2f62de93f5e3596a61d41a7fe5f0a10b2a73b89597cc33137ff5d2f,60.16829,24.94214,00000000afef4555,20.28
2835,2019-08-04T02:00:34Z,f39586246b349fd26e26b06bfdbf9149d03895270dfe4268dd7a6848,60.1538,24.95595,0000000038bf9618,16.1
2836,2019-08-04T02:00:34Z,f8273595f5e5729d41d9da6b8dd60a5b3bd34f343f1ffe267c18d619,60.16762,24.95415,000000006b44cce7,7.05
2837,2019-08-04T02:00:34Z,f9399339c3de44774896319d3f291771cebcaf2666df1d6062469882,60.16531,24.9442,00000000fdda10fe,29.32
2838,2019-08-04T02:00:34Z,fa52a42bfc016af263aa6de3e51a3c8e965865253feb53003081635e,60.16829,24.94214,00000000afef4555,17.4
2839,2019-08-04T02:00:35Z,14c7e1511b70f4dd3359cbece1377aebb4d70531f5489eefe53d7c3c,60.16544,24.95398,0000000038d83d41,21.87
2840,2019-08-04T02:00:35Z,165ebbb4090d47319ae370f0d0854fdc1f6b79499f8b2e4d3c3533c0,60.16544,24.95398,0000000038d83d41,27.28
2841,2019-08-04T02:00:35Z,297c725b456ef12d2712634b21546721cbe93224d3a5762d897404f2,60.16762,24.95415,000000006b44cce7,10.78
2842,2019-08-04T02:00:35Z,3944bc7a301be7241d1f7bc4a97f221000d535ce3d8a9af9af9b23b5,60.16531,24.9442,00000000fdda10fe,31.5
2843,2019-08-04T02:00:35Z,43b676ed3aef4c2d8846694817e76117873be52e7f788e0cb366c1c4,60.16629,24.95957,00000000fb7600be,27.28
2844,2019-08-04T02:00:35Z,43ea43e1aaac8d6d523965f79fd32aa5e5942a98e66e9b6dbaf67f8d,60.16897,24.95222,00000000aa852af1,14.89
2845,2019-08-04T02:00:35Z,5c833bdbbf1fd3a307bb37daa4021d8b3d3342b1552dcc0989fe9b16,60.16762,24.95415,000000006b44cce7,11.7
2846,2019-08-04T02:00:35Z,5d65719c4cbf045f068d084b72302f447d5fd034413d97d13be00d0e,60.18203,24.91341,00000000342570c2,17.4
2847,2019-08-04T02:00:35Z,6066632ddc94b5c482a2d4f45ed2532e55e3fd63e414a084a596a737,60.16762,24.95415,000000006b44cce7,20.28
2848,2019-08-04T02:00:35Z,66dabd3229229330d23c70e9e1737429ddfe69db01f4a6a00f70fa20,60.16762,24.95415,000000006b44cce7,25.36
2849,2019-08-04T02:00:35Z,6a70e2fbced719333e21eff04fcb9cb36bae9a04d1a3d6ddd96f2c58,60.15432,24.9211,0000000019fb59c4,17.4
2850,2019-08-04T02:00:35Z,6f06341f358e61699fe1e55e986dd0554bc8da28b91daf0c5ad99db6,60.16629,24.95957,00000000fb7600be,25.36
2851,2019-08-04T02:00:35Z,6ff437688c444238352c28f64f9d2a7d0f14d19c9ea42c225380501e,60.16762,24.95415,000000006b44cce7,20.28
2852,2019-08-04T02:00:35Z,7986470a464b3209b8bd8128aa284404949b052dd423b443746edcff,60.14951,24.92138,0000000006dd41f6,33.81
2853,2019-08-04T02:00:35Z,7de75f59d3110cdf6e742fba9785ed0399f83ea50e4c5d255adb21ff,60.16897,24.95222,00000000aa852af1,20.28
2854,2019-08-04T02:00:35Z,87dfaad29a9276ddddb1fa021d3bc23ad14824c1af16f7d87e713689,60.14951,24.92138,0000000006dd41f6,11.7
2855,2019-08-04T02:00:35Z,89982a6acf91b79a282a6b63978e946ee205f303fcd20e944e06baf0,60.16544,24.95398,0000000038d83d41,21.87
2856,2019-08-04T02:00:35Z,8c75c3289c84fe4493e1e272a77b615fe1985880c5dc68a7c1a17b53,60.16762,24.95415,000000006b44cce7,13.75
2857,2019-08-04T02:00:35Z,91d3b80de4439a4a49ddb8a04d72a0a2ec6c08f351d70232842af567,60.16762,24.95415,000000006b44cce7,23.56
2858,2019-08-04T02:00:35Z,94305981fc006eedb612f0981b0f33607e4a9335378b7f22994c32fa,60.17002,24.94407,000000006b087f40,27.28
2859,2019-08-04T02:00:35Z,96c0705b3062754c4e9afc471e280530de69c8820bac642f30d4022b,60.16762,24.95415,000000006b44cce7,33.81
2860,2019-08-04T02:00:35Z,a3b4b2c08d30b2cbabe32fd49bcbb4f45f50a3f0b0e74f856bedb831,60.16762,24.95415,000000006b44cce7,20.28
2861,2019-08-04T02:00:35Z,a91d379a4b57c5df22db0d7a041ff69f657b4b31f28554b1011fc03c,60.16544,24.95398,0000000038d83d41,25.36
2862,2019-08-04T02:00:35Z,b5fd6b317890e5ab2d79e2cd1abe61626d45a753c7337d0d40728898,60.16762,24.95415,000000006b44cce7,8.38
2863,2019-08-04T02:00:35Z,c40c37def6bf11a63a2556519a7c6233fd417cdeea2cf14f28e7c42c,60.16531,24.9442,00000000fdda10fe,25.36
2864,2019-08-04T02:00:35Z,c9cb2b9de2b21abecad29584393bea94a97f282f234f310e2468d7a7,60.16075,24.95883,00000000f1124bca,29.32
2865,2019-08-04T02:00:35Z,ce197d5eedb5498917afe7ca3f7275ffeb191f0c5d050bffa154c1d2,60.16531,24.9442,00000000fdda10fe,27.28
2866,2019-08-04T02:00:35Z,cf05623e4d87ce0906c0b0b7dbf53aacc1228016cd27c341228b6e76,60.18203,24.91341,00000000342570c2,29.32
2867,2019-08-04T02:00:35Z,f088630d7476dae7d4b7e2bb1f10575f2c89acb4b6e061f3d57c2b40,60.16531,24.9442,00000000fdda10fe,23.56
2868,2019-08-04T02:00:35Z,f6609ab1076b1105bb845595a03b41b8fbb282f79c337df5bbc9f841,60.14699,24.922,00000000a53ed894,16.1
2869,2019-08-04T02:00:35Z,fc4f3a44235f1cfc7b53f14ba2da599976a5a0a220d23b852688e485,60.17918,24.95141,00000000675d5200,33.81
2870,2019-08-04T02:00:35Z,032a59647297ad5458cd75a64c6405172cebb8eb2f33b7ab5ce92c4b,60.17918,24.95141,00000000675d5200,17.4
2871,2019-08-04T02:00:35Z,046d88221ec15b64bcac02c9056c3cdd39e2ce29bc8cde90aa2d7ed9,60.16897,24.95222,00000000aa852af1,13.75
2872,2019-08-04T02:00:35Z,0486b4520285f3ca2132b986edabb7c19dfc5708a6c163ff40ed37b9,60.16448,24.97323,0000000053c6c2be,20.28
2873,2019-08-04T02:00:35Z,11acd771bb0e2f3b2f3e08a7f5e80f0f44e73a715bff0585bc669672,60.17002,24.94407,000000006b087f40,27.28
2874,2019-08-04T02:00:35Z,124a6ddd121114d11fcde48234ff0b8931d0f3fba2b00efd0948255c,60.16897,24.95222,00000000aa852af1,13.75
2875,2019-08-04T02:00:35Z,137a95acb1432cb5b163aa6e55df6f8d03cfd04b24a6938e6e4d659d,60.16762,24.95415,000000006b44cce7,1.54
2876,2019-08-04T02:00:35Z,1780f64a77699d00e2128b929079dfa4cbc3724f901639c7ca5049f1,60.16629,24.95957,00000000fb7600be,27.28
2877,2019-08-04T02:00:35Z,1dacfb371d75dd4f90f447aac2a00faad98beb4188a6971c19eb2375,60.16629,24.95957,00000000fb7600be,31.5
2878,2019-08-04T02:00:35Z,26166cf5b9b16d54fc1561e096e46512a7b60243de6b9acdf28d33b1,60.16829,24.94214,00000000afef4555,25.36
2879,2019-08-04T02:00:35Z,2acdcfed6579c3f9a1683b1f56e28b2b7b75403200b054e6edd09fe7,60.1538,24.95595,0000000038bf9618,20.28
2880,2019-08-04T02:00:35Z,30fa308b62f0b2690eb8de9a8dcd711bb02917322258ed95a7c50362,60.17002,24.94407,000000006b087f40,27.28
2881,2019-08-04T02:00:35Z,339f6a365c38070f7de8fbf2f831e126f72a0f5d109d5be30735cb7e,60.16897,24.95222,00000000aa852af1,23.56
2882,2019-08-04T02:00:35Z,3846b2c6d16e1148505ccccee3bd759ac2f11b875ed06eb3e03b51f1,60.17002,24.94407,000000006b087f40,38.87
2883,2019-08-04T02:00:35Z,406c8df3855d308047a12843434f2fac7dc6a2dba12c20edbdf06606,60.1538,24.95595,0000000038bf9618,7.69
2884,2019-08-04T02:00:35Z,45f3f37f5104c27fc21a7db518e7a7f57b68709f23f02b5efa540f7a,60.14947,24.91438,000000004ef3150d,9.92
2885,2019-08-04T02:00:35Z,4c3b8a7c738751ab5f9248766749e3c897b23514b294f34880eff55a,60.16897,24.95222,00000000aa852af1,38.87
2886,2019-08-04T02:00:35Z,525fcaa2bcfbade9ef76800daa052aeb740a91f97ca5d6e1275cb745,60.16762,24.95415,000000006b44cce7,14.89
2887,2019-08-04T02:00:35Z,584cb0b0cdd14e608c8b57c8aecc9826f9b40027e365e2438a444ea2,60.16762,24.95415,000000006b44cce7,17.4
2888,2019-08-04T02:00:35Z,58b7c53decdf23347782d6442cb4349ee5312db1d5ba8da9e4c2af25,60.16762,24.95415,000000006b44cce7,17.4
2889,2019-08-04T02:00:35Z,5a089a2b4bb3f5a34f57f2dcafd1462570fa59744c22e9b00735e8c6,60.1538,24.95595,0000000038bf9618,23.56
2890,2019-08-04T02:00:35Z,699b48bb93c5befb62ff0686e75f158406b659f14daec16ab66d4499,60.15432,24.9211,0000000019fb59c4,20.28
2891,2019-08-04T02:00:35Z,6ff48066dbbd91fad556cf8d4584f5f79f7961521855734e82e4c187,60.16762,24.95415,000000006b44cce7,2.3
2892,2019-08-04T02:00:35Z,70cc7b0a8e166380ca0fbc55a58d9a59c9de9f05a9f95ebb82482d5a,60.16762,24.95415,000000006b44cce7,13.75
2893,2019-08-04T02:00:35Z,7af0c77f50a36fde55c6116ce6fc95063a67a5db61e827b85739d62d,60.16762,24.95415,000000006b44cce7,20.28
2894,2019-08-04T02:00:35Z,7b91d732042030189a304f65807ba95cf9e2445e16fd7666747e7e56,60.1538,24.95595,0000000038bf9618,9.92
2895,2019-08-04T02:00:35Z,7bafc9b6f74b521018b3c6eb85088f47050dae502879caa96dcb94a6,60.1538,24.95595,0000000038bf9618,18.79
2896,2019-08-04T02:00:35Z,8839be224a62c0ebfd04c2a31407afbbf531a4f27231aeda6f3222b4,60.17002,24.94407,000000006b087f40,27.28
2897,2019-08-04T02:00:35Z,9173442e2f747f902896659a35f9782497dbe91c8c5c8e5b2c712fba,60.16897,24.95222,00000000aa852af1,11.7
2898,2019-08-04T02:00:35Z,9313086be16704612615b82b0fb0a2bac8d249cbf373b54d85a5b3f1,60.1538,24.95595,0000000038bf9618,17.4
2899,2019-08-04T02:00:35Z,9885232e95a8b6b4437174be089c6af71b1fe0bddfea879d306b3041,60.17002,24.94407,000000006b087f40,20.28
2900,2019-08-04T02:00:35Z,9aa6011401452463ec819f07785394855c0b49c418b8e19d5fc768df,60.1538,24.95595,0000000038bf9618,33.81
2901,2019-08-04T02:00:35Z,a6ef5803703844038809924894eda35e25c165a826ee9c3f14bc41d7,60.17918,24.95141,00000000675d5200,7.05
2902,2019-08-04T02:00:35Z,aa1d7752e4be44a55f5bfc8df2f6c278afe69b5b19b79702a22908f8,60.1538,24.95595,0000000038bf9618,21.87
2903,2019-08-04T02:00:35Z,abde1ce60ef19a41508ac1f9661c3dec611550421c09cc568ced193f,60.17002,24.94407,000000006b087f40,23.56
2904,2019-08-04T02:00:35Z,b38900c896751899e1c20c791610870bbbde7839746846d07481e0c7,60.16829,24.94214,00000000afef4555,27.28
2905,2019-08-04T02:00:35Z,b506a9cd3cec63a7d46738cf85aca5e1af318642251763063cd376d8,60.16762,24.95415,000000006b44cce7,20.28
2906,2019-08-04T02:00:35Z,b6b900b0eb62ba369c75a8851299367b1ebd94fbf19ccfa3d5466248,60.1538,24.95595,0000000038bf9618,21.87
2907,2019-08-04T02:00:35Z,bc07df8cc395f6f4f5d483b2233caca5f93a6918f346e4cc3702f8cc,60.16531,24.9442,00000000fdda10fe,9.12
2908,2019-08-04T02:00:35Z,c0a0ca3433586ed2ae0e448f2406fabac7292ac79d49562e0bd5cef8,60.16762,24.95415,000000006b44cce7,25.36
2909,2019-08-04T02:00:35Z,d00f32677e342c7dcb88c9fa30272e08ec9a4f49d8006dffbf598a03,60.16762,24.95415,000000006b44cce7,21.87
2910,2019-08-04T02:00:35Z,d216c5aae815b17688c826ff70440e8ff2c5b869fb63b024792f0e53,60.16829,24.94214,00000000afef4555,29.32
2911,2019-08-04T02:00:35Z,d6ad6fb5be8355cc1f877358ec4f09a2ba3df7c177e331113ef376a1,60.16829,24.94214,00000000afef4555,21.87
2912,2019-08-04T02:00:35Z,dc2e0f02adb13656668baaf52c062c10202521cf47f04a2c106becdd,60.16531,24.9442,00000000fdda10fe,33.81
2913,2019-08-04T02:00:35Z,e1bc48d02d172fa89085656433b35028a10ff453a3261a2634984559,60.149,24.9843,00000000fffb8cf0,25.36
2914,2019-08-04T02:00:35Z,e30c8d515f787275f7e911287d598f569fcfc5092a203f4c001d0dc6,60.16762,24.95415,000000006b44cce7,18.79
2915,2019-08-04T02:00:35Z,e8e8a9de5f61b99c3112c21d7e04620774bb5b9c615ec741aa5e8f66,60.1538,24.95595,0000000038bf9618,25.36
2916,2019-08-04T02:00:35Z,ecd3f6878f10e201456713c185926a3d85ae8b5eb2484b73f155ec5a,60.16531,24.9442,00000000fdda10fe,9.92
2917,2019-08-04T02:00:35Z,ed3b2eaece7e8846b296ad5c3f195aafb7410c95a88887d845982981,60.16762,24.95415,000000006b44cce7,16.1
2918,2019-08-04T02:00:35Z,f39586246b349fd26e26b06bfdbf9149d03895270dfe4268dd7a6848,60.1538,24.95595,0000000038bf9618,27.28
2919,2019-08-04T02:00:35Z,f8273595f5e5729d41d9da6b8dd60a5b3bd34f343f1ffe267c18d619,60.16762,24.95415,000000006b44cce7,10.78
2920,2019-08-04T02:00:35Z,fa52a42bfc016af263aa6de3e51a3c8e965865253feb53003081635e,60.16829,24.94214,00000000afef4555,20.28
2921,2019-08-04T02:00:36Z,14c7e1511b70f4dd3359cbece1377aebb4d70531f5489eefe53d7c3c,60.16544,24.95398,0000000038d83d41,21.87
2922,2019-08-04T02:00:36Z,165ebbb4090d47319ae370f0d0854fdc1f6b79499f8b2e4d3c3533c0,60.16544,24.95398,0000000038d83d41,31.5
2923,2019-08-04T02:00:36Z,297c725b456ef12d2712634b21546721cbe93224d3a5762d897404f2,60.16762,24.95415,000000006b44cce7,11.7
2924,2019-08-04T02:00:36Z,3944bc7a301be7241d1f7bc4a97f221000d535ce3d8a9af9af9b23b5,60.16531,24.9442,00000000fdda10fe,33.81
2925,2019-08-04T02:00:36Z,43b676ed3aef4c2d8846694817e76117873be52e7f788e0cb366c1c4,60.16629,24.95957,00000000fb7600be,23.56
2926,2019-08-04T02:00:36Z,43ea43e1aaac8d6d523965f79fd32aa5e5942a98e66e9b6dbaf67f8d,60.16897,24.95222,00000000aa852af1,11.7
2927,2019-08-04T02:00:36Z,5bbb5184fded3e51bc78e45e39917794285e6bbc72da404802a9599a,60.16531,24.9442,00000000fdda10fe,16.1
2928,2019-08-04T02:00:36Z,5c833bdbbf1fd3a307bb37daa4021d8b3d3342b1552dcc0989fe9b16,60.16762,24.95415,000000006b44cce7,21.87
2929,2019-08-04T02:00:36Z,5d65719c4cbf045f068d084b72302f447d5fd034413d97d13be00d0e,60.18203,24.91341,00000000342570c2,17.4
2930,2019-08-04T02:00:36Z,6066632ddc94b5c482a2d4f45ed2532e55e3fd63e414a084a596a737,60.16762,24.95415,000000006b44cce7,18.79
2931,2019-08-04T02:00:36Z,66dabd3229229330d23c70e9e1737429ddfe69db01f4a6a00f70fa20,60.16762,24.95415,000000006b44cce7,20.28
2932,2019-08-04T02:00:36Z,6a70e2fbced719333e21eff04fcb9cb36bae9a04d1a3d6ddd96f2c58,60.15432,24.9211,0000000019fb59c4,21.87
2933,2019-08-04T02:00:36Z,6f06341f358e61699fe1e55e986dd0554bc8da28b91daf0c5ad99db6,60.16629,24.95957,00000000fb7600be,25.36
2934,2019-08-04T02:00:36Z,6ff437688c444238352c28f64f9d2a7d0f14d19c9ea42c225380501e,60.16762,24.95415,000000006b44cce7,21.87
2935,2019-08-04T02:00:36Z,747f2d1ebff218c0ebbdc0fdaef4cbe56633dfb46ae1b1f8c8142201,60.16762,24.95415,000000006b44cce7,13.75
2936,2019-08-04T02:00:36Z,79f136afa0dd8717337c01c70b457c464aaf0fa25b440f51a394ec23,60.16762,24.95415,000000006b44cce7,13.75
2937,2019-08-04T02:00:36Z,7de75f59d3110cdf6e742fba9785ed0399f83ea50e4c5d255adb21ff,60.16897,24.95222,00000000aa852af1,20.28
2938,2019-08-04T02:00:36Z,87dfaad29a9276ddddb1fa021d3bc23ad14824c1af16f7d87e713689,60.14951,24.92138,0000000006dd41f6,8.38
2939,2019-08-04T02:00:36Z,8c75c3289c84fe4493e1e272a77b615fe1985880c5dc68a7c1a17b53,60.16762,24.95415,000000006b44cce7,11.7
2940,2019-08-04T02:00:36Z,91d3b80de4439a4a49ddb8a04d72a0a2ec6c08f351d70232842af567,60.16762,24.95415,000000006b44cce7,21.87
2941,2019-08-04T02:00:36Z,a3a21ef15e1883941a7ed2eb6150357ae068aa4b0b6ce6ca0482ea3a,60.1538,24.95595,0000000038bf9618,36.27
2942,2019-08-04T02:00:36Z,a3b4b2c08d30b2cbabe32fd49bcbb4f45f50a3f0b0e74f856bedb831,60.16762,24.95415,000000006b44cce7,10.78
2943,2019-08-04T02:00:36Z,a91d379a4b57c5df22db0d7a041ff69f657b4b31f28554b1011fc03c,60.16544,24.95398,0000000038d83d41,29.32
2944,2019-08-04T02:00:36Z,b33ae7715d6d2571066655c2c8954a5a364b5601869047de83410d9f,60.16629,24.95957,00000000fb7600be,23.56
2945,2019-08-04T02:00:36Z,b5fd6b317890e5ab2d79e2cd1abe61626d45a753c7337d0d40728898,60.16762,24.95415,000000006b44cce7,9.12
2946,2019-08-04T02:00:36Z,c9cb2b9de2b21abecad29584393bea94a97f282f234f310e2468d7a7,60.16075,24.95883,00000000f1124bca,25.36
2947,2019-08-04T02:00:36Z,ce197d5eedb5498917afe7ca3f7275ffeb191f0c5d050bffa154c1d2,60.16531,24.9442,00000000fdda10fe,33.81
2948,2019-08-04T02:00:36Z,cf05623e4d87ce0906c0b0b7dbf53aacc1228016cd27c341228b6e76,60.18203,24.91341,00000000342570c2,20.28
2949,2019-08-04T02:00:36Z,f088630d7476dae7d4b7e2bb1f10575f2c89acb4b6e061f3d57c2b40,60.16531,24.9442,00000000fdda10fe,31.5
2950,2019-08-04T02:00:36Z,f6609ab1076b1105bb845595a03b41b8fbb282f79c337df5bbc9f841,60.14699,24.922,00000000a53ed894,18.79
2951,2019-08-04T02:00:36Z,fc4f3a44235f1cfc7b53f14ba2da599976a5a0a220d23b852688e485,60.17918,24.95141,00000000675d5200,27.28
2952,2019-08-04T02:00:36Z,032a59647297ad5458cd75a64c6405172cebb8eb2f33b7ab5ce92c4b,60.17918,24.95141,00000000675d5200,16.1
2953,2019-08-04T02:00:36Z,046d88221ec15b64bcac02c9056c3cdd39e2ce29bc8cde90aa2d7ed9,60.16897,24.95222,00000000aa852af1,18.79
2954,2019-08-04T02:00:36Z,0486b4520285f3ca2132b986edabb7c19dfc5708a6c163ff40ed37b9,60.16448,24.97323,0000000053c6c2be,16.1
2955,2019-08-04T02:00:36Z,11acd771bb0e2f3b2f3e08a7f5e80f0f44e73a715bff0585bc669672,60.17002,24.94407,000000006b087f40,33.81
2956,2019-08-04T02:00:36Z,124a6ddd121114d11fcde48234ff0b8931d0f3fba2b00efd0948255c,60.16897,24.95222,00000000aa852af1,5.41
2957,2019-08-04T02:00:36Z,137a95acb1432cb5b163aa6e55df6f8d03cfd04b24a6938e6e4d659d,60.16762,24.95415,000000006b44cce7,1.38
2958,2019-08-04T02:00:36Z,1780f64a77699d00e2128b929079dfa4cbc3724f901639c7ca5049f1,60.16629,24.95957,00000000fb7600be,17.4
2959,2019-08-04T02:00:36Z,2696f6a462520c8284659d993a9bf0545c2b2f278e1538f7f60dd1d3,60.17002,24.94407,000000006b087f40,11.7
2960,2019-08-04T02:00:36Z,2acdcfed6579c3f9a1683b1f56e28b2b7b75403200b054e6edd09fe7,60.1538,24.95595,0000000038bf9618,27.28
2961,2019-08-04T02:00:36Z,30fa308b62f0b2690eb8de9a8dcd711bb02917322258ed95a7c50362,60.17002,24.94407,000000006b087f40,20.28
2962,2019-08-04T02:00:36Z,339f6a365c38070f7de8fbf2f831e126f72a0f5d109d5be30735cb7e,60.16897,24.95222,00000000aa852af1,33.81
2963,2019-08-04T02:00:36Z,3887fec87dd40ed28900ea630ba55753da933476c2f9d019a0ad8d90,60.16829,24.94214,00000000afef4555,21.87
2964,2019-08-04T02:00:36Z,45f3f37f5104c27fc21a7db518e7a7f57b68709f23f02b5efa540f7a,60.14947,24.91438,000000004ef3150d,9.12
2965,2019-08-04T02:00:36Z,525fcaa2bcfbade9ef76800daa052aeb740a91f97ca5d6e1275cb745,60.16762,24.95415,000000006b44cce7,18.79
2966,2019-08-04T02:00:36Z,584cb0b0cdd14e608c8b57c8aecc9826f9b40027e365e2438a444ea2,60.16762,24.95415,000000006b44cce7,13.75
2967,2019-08-04T02:00:36Z,5a089a2b4bb3f5a34f57f2dcafd1462570fa59744c22e9b00735e8c6,60.1538,24.95595,0000000038bf9618,31.5
2968,2019-08-04T02:00:36Z,5fe8361986b55846f6d1ec3097d8574942a395272565380955783578,60.16829,24.94214,00000000afef4555,31.5
2969,2019-08-04T02:00:36Z,699b48bb93c5befb62ff0686e75f158406b659f14daec16ab66d4499,60.15432,24.9211,0000000019fb59c4,18.79
2970,2019-08-04T02:00:36Z,6ff48066dbbd91fad556cf8d4584f5f79f7961521855734e82e4c187,60.16762,24.95415,000000006b44cce7,1.54
2971,2019-08-04T02:00:36Z,74cb545f76f0bfc5498607247e26e814276a11ce91f77208054ecbc5,60.17002,24.94407,000000006b087f40,27.28
2972,2019-08-04T02:00:36Z,7af0c77f50a36fde55c6116ce6fc95063a67a5db61e827b85739d62d,60.16629,24.95957,00000000fb7600be,27.28
2973,2019-08-04T02:00:36Z,7b91d732042030189a304f65807ba95cf9e2445e16fd7666747e7e56,60.1538,24.95595,0000000038bf9618,13.75
2974,2019-08-04T02:00:36Z,7bafc9b6f74b521018b3c6eb85088f47050dae502879caa96dcb94a6,60.1538,24.95595,0000000038bf9618,13.75
2975,2019-08-04T02:00:36Z,8e7c2f7966c3527e6bc8f358d74a087474c6985f4d5dfc4546693416,60.16829,24.94214,00000000afef4555,16.1
2976,2019-08-04T02:00:36Z,9173442e2f747f902896659a35f9782497dbe91c8c5c8e5b2c712fba,60.16897,24.95222,00000000aa852af1,7.69
2977,2019-08-04T02:00:36Z,9313086be16704612615b82b0fb0a2bac8d249cbf373b54d85a5b3f1,60.1538,24.95595,0000000038bf9618,21.87
2978,2019-08-04T02:00:36Z,9885232e95a8b6b4437174be089c6af71b1fe0bddfea879d306b3041,60.17002,24.94407,000000006b087f40,13.75
2979,2019-08-04T02:00:36Z,9aa6011401452463ec819f07785394855c0b49c418b8e19d5fc768df,60.1538,24.95595,0000000038bf9618,25.36
2980,2019-08-04T02:00:36Z,a6ef5803703844038809924894eda35e25c165a826ee9c3f14bc41d7,60.17918,24.95141,00000000675d5200,27.28
2981,2019-08-04T02:00:36Z,abde1ce60ef19a41508ac1f9661c3dec611550421c09cc568ced193f,60.17002,24.94407,000000006b087f40,21.87
2982,2019-08-04T02:00:36Z,b38900c896751899e1c20c791610870bbbde7839746846d07481e0c7,60.16829,24.94214,00000000afef4555,20.28
2983,2019-08-04T02:00:36Z,b506a9cd3cec63a7d46738cf85aca5e1af318642251763063cd376d8,60.16762,24.95415,000000006b44cce7,18.79
2984,2019-08-04T02:00:36Z,b6b900b0eb62ba369c75a8851299367b1ebd94fbf19ccfa3d5466248,60.1538,24.95595,0000000038bf9618,23.56
2985,2019-08-04T02:00:36Z,bc07df8cc395f6f4f5d483b2233caca5f93a6918f346e4cc3702f8cc,60.16531,24.9442,00000000fdda10fe,12.69
2986,2019-08-04T02:00:36Z,c0a0ca3433586ed2ae0e448f2406fabac7292ac79d49562e0bd5cef8,60.16762,24.95415,000000006b44cce7,13.75
2987,2019-08-04T02:00:36Z,d6ad6fb5be8355cc1f877358ec4f09a2ba3df7c177e331113ef376a1,60.16829,24.94214,00000000afef4555,17.4
2988,2019-08-04T02:00:36Z,e1bc48d02d172fa89085656433b35028a10ff453a3261a2634984559,60.149,24.9843,00000000fffb8cf0,14.89
2989,2019-08-04T02:00:36Z,e66dee158121004b2a8098c673bc0d10944147d07f5f738cb9dd32be,60.16829,24.94214,00000000afef4555,25.36
2990,2019-08-04T02:00:36Z,e7baeb3fa75db84982c28c08efcf29a123618b687c634aae2f7a2b1a,60.16531,24.9442,00000000fdda10fe,23.56
2991,2019-08-04T02:00:36Z,e8e8a9de5f61b99c3112c21d7e04620774bb5b9c615ec741aa5e8f66,60.1538,24.95595,0000000038bf9618,31.5
2992,2019-08-04T02:00:36Z,ecd3f6878f10e201456713c185926a3d85ae8b5eb2484b73f155ec5a,60.16531,24.9442,00000000fdda10fe,9.12
2993,2019-08-04T02:00:36Z,f39586246b349fd26e26b06bfdbf9149d03895270dfe4268dd7a6848,60.1538,24.95595,0000000038bf9618,17.4
2994,2019-08-04T02:00:36Z,f8273595f5e5729d41d9da6b8dd60a5b3bd34f343f1ffe267c18d619,60.16762,24.95415,000000006b44cce7,9.12
2995,2019-08-04T02:00:36Z,f9399339c3de44774896319d3f291771cebcaf2666df1d6062469882,60.16531,24.9442,00000000fdda10fe,31.5
2996,2019-08-04T02:00:36Z,f9e28a5bfffbfa5e1f903d0e09d25b9b1f72e0e7217cb6c8ffef7d50,60.16829,24.94214,00000000afef4555,44.58
2997,2019-08-04T02:00:36Z,fa52a42bfc016af263aa6de3e51a3c8e965865253feb53003081635e,60.16829,24.94214,00000000afef4555,18.79
2998,2019-08-04T02:00:37Z,14c7e1511b70f4dd3359cbece1377aebb4d70531f5489eefe53d7c3c,60.16544,24.95398,0000000038d83d41,23.56
2999,2019-08-04T02:00:37Z,165ebbb4090d47319ae370f0d0854fdc1f6b79499f8b2e4d3c3533c0,60.16544,24.95398,0000000038d83d41,27.28
3000,2019-08-04T02:00:37Z,297c725b456ef12d2712634b21546721cbe93224d3a5762d897404f2,60.16762,24.95415,000000006b44cce7,13.75
3001,2019-08-04T02:00:37Z,3944bc7a301be7241d1f7bc4a97f221000d535ce3d8a9af9af9b23b5,60.16531,24.9442,00000000fdda10fe,38.87
3002,2019-08-04T02:00:37Z,43b676ed3aef4c2d8846694817e76117873be52e7f788e0cb366c1c4,60.16629,24.95957,00000000fb7600be,25.36
3003,2019-08-04T02:00:37Z,43ea43e1aaac8d6d523965f79fd32aa5e5942a98e66e9b6dbaf67f8d,60.16897,24.95222,00000000aa852af1,16.1
3004,2019-08-04T02:00:37Z,5bbb5184fded3e51bc78e45e39917794285e6bbc72da404802a9599a,60.16531,24.9442,00000000fdda10fe,18.79
3005,2019-08-04T02:00:37Z,5c833bdbbf1fd3a307bb37daa4021d8b3d3342b1552dcc0989fe9b16,60.16762,24.95415,000000006b44cce7,23.56
3006,2019-08-04T02:00:37Z,5d65719c4cbf045f068d084b72302f447d5fd034413d97d13be00d0e,60.18203,24.91341,00000000342570c2,17.4
3007,2019-08-04T02:00:37Z,6066632ddc94b5c482a2d4f45ed2532e55e3fd63e414a084a596a737,60.16762,24.95415,000000006b44cce7,20.28
3008,2019-08-04T02:00:37Z,66dabd3229229330d23c70e9e1737429ddfe69db01f4a6a00f70fa20,60.16762,24.95415,000000006b44cce7,31.5
3009,2019-08-04T02:00:37Z,6a70e2fbced719333e21eff04fcb9cb36bae9a04d1a3d6ddd96f2c58,60.15432,24.9211,0000000019fb59c4,18.79
3010,2019-08-04T02:00:37Z,6ff437688c444238352c28f64f9d2a7d0f14d19c9ea42c225380501e,60.16762,24.95415,000000006b44cce7,21.87
3011,2019-08-04T02:00:37Z,747f2d1ebff218c0ebbdc0fdaef4cbe56633dfb46ae1b1f8c8142201,60.16762,24.95415,000000006b44cce7,13.75
3012,2019-08-04T02:00:37Z,7986470a464b3209b8bd8128aa284404949b052dd423b443746edcff,60.14951,24.92138,0000000006dd41f6,33.81
3013,2019-08-04T02:00:37Z,79f136afa0dd8717337c01c70b457c464aaf0fa25b440f51a394ec23,60.16762,24.95415,000000006b44cce7,13.75
3014,2019-08-04T02:00:37Z,7de75f59d3110cdf6e742fba9785ed0399f83ea50e4c5d255adb21ff,60.16897,24.95222,00000000aa852af1,18.79
3015,2019-08-04T02:00:37Z,87dfaad29a9276ddddb1fa021d3bc23ad14824c1af16f7d87e713689,60.14951,24.92138,0000000006dd41f6,9.12
3016,2019-08-04T02:00:37Z,89982a6acf91b79a282a6b63978e946ee205f303fcd20e944e06baf0,60.16544,24.95398,0000000038d83d41,18.79
3017,2019-08-04T02:00:37Z,8c75c3289c84fe4493e1e272a77b615fe1985880c5dc68a7c1a17b53,60.16762,24.95415,000000006b44cce7,12.69
3018,2019-08-04T02:00:37Z,96c0705b3062754c4e9afc471e280530de69c8820bac642f30d4022b,60.16762,24.95415,000000006b44cce7,21.87
3019,2019-08-04T02:00:37Z,a0972d97514e29907d2ba46aa19e778b1b09a7e4eda4cf9e59e50cf7,60.14947,24.91438,000000004ef3150d,33.81
3020,2019-08-04T02:00:37Z,a91d379a4b57c5df22db0d7a041ff69f657b4b31f28554b1011fc03c,60.16544,24.95398,0000000038d83d41,27.28
3021,2019-08-04T02:00:37Z,b33ae7715d6d2571066655c2c8954a5a364b5601869047de83410d9f,60.16629,24.95957,00000000fb7600be,20.28
3022,2019-08-04T02:00:37Z,b5fd6b317890e5ab2d79e2cd1abe61626d45a753c7337d0d40728898,60.16762,24.95415,000000006b44cce7,7.69
3023,2019-08-04T02:00:37Z,c40c37def6bf11a63a2556519a7c6233fd417cdeea2cf14f28e7c42c,60.16531,24.9442,00000000fdda10fe,27.28
3024,2019-08-04T02:00:37Z,c9cb2b9de2b21abecad29584393bea94a97f282f234f310e2468d7a7,60.16075,24.95883,00000000f1124bca,25.36
3025,2019-08-04T02:00:37Z,cf05623e4d87ce0906c0b0b7dbf53aacc1228016cd27c341228b6e76,60.18203,24.91341,00000000342570c2,38.87
3026,2019-08-04T02:00:37Z,d0bb9fef9a0ef26adcdd4732c9c20361bce49826f32c2892242831b8,60.16762,24.95415,000000006b44cce7,20.28
3027,2019-08-04T02:00:37Z,f088630d7476dae7d4b7e2bb1f10575f2c89acb4b6e061f3d57c2b40,60.16531,24.9442,00000000fdda10fe,25.36
3028,2019-08-04T02:00:37Z,f31f5bdb4a4c81da52b05c2e91ed700307625920f573cdcf68c91d19,60.16897,24.95222,00000000aa852af1,27.28
3029,2019-08-04T02:00:37Z,f6609ab1076b1105bb845595a03b41b8fbb282f79c337df5bbc9f841,60.14699,24.922,00000000a53ed894,17.4
3030,2019-08-04T02:00:37Z,fc4f3a44235f1cfc7b53f14ba2da599976a5a0a220d23b852688e485,60.17919,24.95181,000000007b5207b6,20.28
3031,2019-08-04T02:00:37Z,ff27e3a9af8f0e98635eb22fa40f53c8ba8452eb24bf16bc715508ea,60.16762,24.95415,000000006b44cce7,25.36
3032,2019-08-04T02:00:37Z,032a59647297ad5458cd75a64c6405172cebb8eb2f33b7ab5ce92c4b,60.17918,24.95141,00000000675d5200,16.1
3033,2019-08-04T02:00:37Z,046d88221ec15b64bcac02c9056c3cdd39e2ce29bc8cde90aa2d7ed9,60.16897,24.95222,00000000aa852af1,17.4
3034,2019-08-04T02:00:37Z,11acd771bb0e2f3b2f3e08a7f5e80f0f44e73a715bff0585bc669672,60.17002,24.94407,000000006b087f40,23.56
3035,2019-08-04T02:00:37Z,124a6ddd121114d11fcde48234ff0b8931d0f3fba2b00efd0948255c,60.16897,24.95222,00000000aa852af1,9.12
3036,2019-08-04T02:00:37Z,137a95acb1432cb5b163aa6e55df6f8d03cfd04b24a6938e6e4d659d,60.16762,24.95415,000000006b44cce7,1.38
3037,2019-08-04T02:00:37Z,1780f64a77699d00e2128b929079dfa4cbc3724f901639c7ca5049f1,60.16629,24.95957,00000000fb7600be,17.4
3038,2019-08-04T02:00:37Z,2696f6a462520c8284659d993a9bf0545c2b2f278e1538f7f60dd1d3,60.17002,24.94407,000000006b087f40,11.7
3039,2019-08-04T02:00:37Z,2acdcfed6579c3f9a1683b1f56e28b2b7b75403200b054e6edd09fe7,60.1538,24.95595,0000000038bf9618,20.28
3040,2019-08-04T02:00:37Z,30fa308b62f0b2690eb8de9a8dcd711bb02917322258ed95a7c50362,60.17002,24.94407,000000006b087f40,23.56
3041,2019-08-04T02:00:37Z,339f6a365c38070f7de8fbf2f831e126f72a0f5d109d5be30735cb7e,60.16897,24.95222,00000000aa852af1,27.28
3042,2019-08-04T02:00:37Z,406c8df3855d308047a12843434f2fac7dc6a2dba12c20edbdf06606,60.1538,24.95595,0000000038bf9618,9.12
3043,2019-08-04T02:00:37Z,45f3f37f5104c27fc21a7db518e7a7f57b68709f23f02b5efa540f7a,60.14947,24.91438,000000004ef3150d,9.12
3044,2019-08-04T02:00:37Z,47de555c057bf55633de335cbcd553c3ed54cb6937bf717f3e9c2098,60.1538,24.95595,0000000038bf9618,29.32
3045,2019-08-04T02:00:37Z,4c3b8a7c738751ab5f9248766749e3c897b23514b294f34880eff55a,60.16897,24.95222,00000000aa852af1,27.28
3046,2019-08-04T02:00:37Z,525fcaa2bcfbade9ef76800daa052aeb740a91f97ca5d6e1275cb745,60.16762,24.95415,000000006b44cce7,21.87
3047,2019-08-04T02:00:37Z,584cb0b0cdd14e608c8b57c8aecc9826f9b40027e365e2438a444ea2,60.16762,24.95415,000000006b44cce7,20.28
3048,2019-08-04T02:00:37Z,66e7412496e5ad9efd31af7a7f1a88e1fdcd371a60adfe516dd71704,60.16829,24.94214,00000000afef4555,31.5
3049,2019-08-04T02:00:37Z,699b48bb93c5befb62ff0686e75f158406b659f14daec16ab66d4499,60.15432,24.9211,0000000019fb59c4,20.28
3050,2019-08-04T02:00:37Z,6ff48066dbbd91fad556cf8d4584f5f79f7961521855734e82e4c187,60.16762,24.95415,000000006b44cce7,1.25
3051,2019-08-04T02:00:37Z,70cc7b0a8e166380ca0fbc55a58d9a59c9de9f05a9f95ebb82482d5a,60.16762,24.95415,000000006b44cce7,10.78
3052,2019-08-04T02:00:37Z,766fa923652ba92f13ab23349bce568d0b33dbf0ccdf7606e5e633ec,60.16531,24.9442,00000000fdda10fe,25.36
3053,2019-08-04T02:00:37Z,7af0c77f50a36fde55c6116ce6fc95063a67a5db61e827b85739d62d,60.16762,24.95415,000000006b44cce7,14.89
3054,2019-08-04T02:00:37Z,7b91d732042030189a304f65807ba95cf9e2445e16fd7666747e7e56,60.1538,24.95595,0000000038bf9618,17.4
3055,2019-08-04T02:00:37Z,7bafc9b6f74b521018b3c6eb85088f47050dae502879caa96dcb94a6,60.1538,24.95595,0000000038bf9618,8.38
3056,2019-08-04T02:00:37Z,8839be224a62c0ebfd04c2a31407afbbf531a4f27231aeda6f3222b4,60.17002,24.94407,000000006b087f40,23.56
3057,2019-08-04T02:00:37Z,8e7c2f7966c3527e6bc8f358d74a087474c6985f4d5dfc4546693416,60.16829,24.94214,00000000afef4555,21.87
3058,2019-08-04T02:00:37Z,9173442e2f747f902896659a35f9782497dbe91c8c5c8e5b2c712fba,60.16897,24.95222,00000000aa852af1,7.69
3059,2019-08-04T02:00:37Z,9313086be16704612615b82b0fb0a2bac8d249cbf373b54d85a5b3f1,60.1538,24.95595,0000000038bf9618,23.56
3060,2019-08-04T02:00:37Z,94fb0519469907d303095ced8eea82b15282bbaf6df970a9d4025cb2,60.17002,24.94407,000000006b087f40,20.28
3061,2019-08-04T02:00:37Z,9885232e95a8b6b4437174be089c6af71b1fe0bddfea879d306b3041,60.17002,24.94407,000000006b087f40,13.75
3062,2019-08-04T02:00:37Z,9aa6011401452463ec819f07785394855c0b49c418b8e19d5fc768df,60.1538,24.95595,0000000038bf9618,25.36
3063,2019-08-04T02:00:37Z,a6ef5803703844038809924894eda35e25c165a826ee9c3f14bc41d7,60.17918,24.95141,00000000675d5200,7.05
3064,2019-08-04T02:00:37Z,aa1d7752e4be44a55f5bfc8df2f6c278afe69b5b19b79702a22908f8,60.1538,24.95595,0000000038bf9618,21.87
3065,2019-08-04T02:00:37Z,b38900c896751899e1c20c791610870bbbde7839746846d07481e0c7,60.16829,24.94214,00000000afef4555,16.1
3066,2019-08-04T02:00:37Z,b506a9cd3cec63a7d46738cf85aca5e1af318642251763063cd376d8,60.16762,24.95415,000000006b44cce7,16.1
3067,2019-08-04T02:00:37Z,b6b900b0eb62ba369c75a8851299367b1ebd94fbf19ccfa3d5466248,60.1538,24.95595,0000000038bf9618,25.36
3068,2019-08-04T02:00:37Z,bc07df8cc395f6f4f5d483b2233caca5f93a6918f346e4cc3702f8cc,60.16531,24.9442,00000000fdda10fe,7.69
3069,2019-08-04T02:00:37Z,c0a0ca3433586ed2ae0e448f2406fabac7292ac79d49562e0bd5cef8,60.16762,24.95415,000000006b44cce7,13.75
3070,2019-08-04T02:00:37Z,c9ce14e0dbf0cf3c24f6a92a1930fa32de9a1de0ffe63082ccddb0d6,60.16448,24.97323,0000000053c6c2be,27.28
3071,2019-08-04T02:00:37Z,d00f32677e342c7dcb88c9fa30272e08ec9a4f49d8006dffbf598a03,60.16762,24.95415,000000006b44cce7,16.1
3072,2019-08-04T02:00:37Z,d6ad6fb5be8355cc1f877358ec4f09a2ba3df7c177e331113ef376a1,60.16829,24.94214,00000000afef4555,20.28
3073,2019-08-04T02:00:37Z,dc2e0f02adb13656668baaf52c062c10202521cf47f04a2c106becdd,60.16531,24.9442,00000000fdda10fe,25.36
3074,2019-08-04T02:00:37Z,e1bc48d02d172fa89085656433b35028a10ff453a3261a2634984559,60.149,24.9843,00000000fffb8cf0,31.5
3075,2019-08-04T02:00:37Z,e1e00fae215a6677d1d65cb8e50df60f5185673a84411569c2ae2cf0,60.16762,24.95415,000000006b44cce7,18.79
3076,2019-08-04T02:00:37Z,e7baeb3fa75db84982c28c08efcf29a123618b687c634aae2f7a2b1a,60.16531,24.9442,00000000fdda10fe,23.56
3077,2019-08-04T02:00:37Z,e8e8a9de5f61b99c3112c21d7e04620774bb5b9c615ec741aa5e8f66,60.1538,24.95595,0000000038bf9618,16.1
3078,2019-08-04T02:00:37Z,ecd3f6878f10e201456713c185926a3d85ae8b5eb2484b73f155ec5a,60.16531,24.9442,00000000fdda10fe,9.12
3079,2019-08-04T02:00:37Z,f2f62de93f5e3596a61d41a7fe5f0a10b2a73b89597cc33137ff5d2f,60.16829,24.94214,00000000afef4555,12.69
3080,2019-08-04T02:00:37Z,f39586246b349fd26e26b06bfdbf9149d03895270dfe4268dd7a6848,60.1538,24.95595,0000000038bf9618,27.28
3081,2019-08-04T02:00:37Z,f8273595f5e5729d41d9da6b8dd60a5b3bd34f343f1ffe267c18d619,60.16762,24.95415,000000006b44cce7,8.38
3082,2019-08-04T02:00:37Z,f9399339c3de44774896319d3f291771cebcaf2666df1d6062469882,60.16531,24.9442,00000000fdda10fe,36.27
3083,2019-08-04T02:00:37Z,fa52a42bfc016af263aa6de3e51a3c8e965865253feb53003081635e,60.16829,24.94214,00000000afef4555,20.28
3084,2019-08-04T02:00:38Z,14c7e1511b70f4dd3359cbece1377aebb4d70531f5489eefe53d7c3c,60.16544,24.95398,0000000038d83d41,29.32
3085,2019-08-04T02:00:38Z,165ebbb4090d47319ae370f0d0854fdc1f6b79499f8b2e4d3c3533c0,60.16544,24.95398,0000000038d83d41,29.32
3086,2019-08-04T02:00:38Z,297c725b456ef12d2712634b21546721cbe93224d3a5762d897404f2,60.16762,24.95415,000000006b44cce7,11.7
3087,2019-08-04T02:00:38Z,3944bc7a301be7241d1f7bc4a97f221000d535ce3d8a9af9af9b23b5,60.16531,24.9442,00000000fdda10fe,27.28
3088,2019-08-04T02:00:38Z,43b676ed3aef4c2d8846694817e76117873be52e7f788e0cb366c1c4,60.16629,24.95957,00000000fb7600be,25.36
3089,2019-08-04T02:00:38Z,43ea43e1aaac8d6d523965f79fd32aa5e5942a98e66e9b6dbaf67f8d,60.16897,24.95222,00000000aa852af1,23.56
3090,2019-08-04T02:00:38Z,5bbb5184fded3e51bc78e45e39917794285e6bbc72da404802a9599a,60.16531,24.9442,00000000fdda10fe,21.87
3091,2019-08-04T02:00:38Z,5c833bdbbf1fd3a307bb37daa4021d8b3d3342b1552dcc0989fe9b16,60.16762,24.95415,000000006b44cce7,9.92
3092,2019-08-04T02:00:38Z,5d65719c4cbf045f068d084b72302f447d5fd034413d97d13be00d0e,60.18203,24.91341,00000000342570c2,18.79
3093,2019-08-04T02:00:38Z,6066632ddc94b5c482a2d4f45ed2532e55e3fd63e414a084a596a737,60.16762,24.95415,000000006b44cce7,18.79
3094,2019-08-04T02:00:38Z,66dabd3229229330d23c70e9e1737429ddfe69db01f4a6a00f70fa20,60.16762,24.95415,000000006b44cce7,21.87
3095,2019-08-04T02:00:38Z,6a70e2fbced719333e21eff04fcb9cb36bae9a04d1a3d6ddd96f2c58,60.15432,24.9211,0000000019fb59c4,20.28
3096,2019-08-04T02:00:38Z,6f06341f358e61699fe1e55e986dd0554bc8da28b91daf0c5ad99db6,60.16629,24.95957,00000000fb7600be,25.36
3097,2019-08-04T02:00:38Z,747f2d1ebff218c0ebbdc0fdaef4cbe56633dfb46ae1b1f8c8142201,60.16762,24.95415,000000006b44cce7,12.69
3098,2019-08-04T02:00:38Z,793101e1460a163336a3cac64fab8c81000c19084220aefc41e83e08,60.14951,24.92138,0000000006dd41f6,27.28
3099,2019-08-04T02:00:38Z,7986470a464b3209b8bd8128aa284404949b052dd423b443746edcff,60.14951,24.92138,0000000006dd41f6,27.28
3100,2019-08-04T02:00:38Z,79f136afa0dd8717337c01c70b457c464aaf0fa25b440f51a394ec23,60.16762,24.95415,000000006b44cce7,13.75
3101,2019-08-04T02:00:38Z,7de75f59d3110cdf6e742fba9785ed0399f83ea50e4c5d255adb21ff,60.16897,24.95222,00000000aa852af1,17.4
3102,2019-08-04T02:00:38Z,87dfaad29a9276ddddb1fa021d3bc23ad14824c1af16f7d87e713689,60.14951,24.92138,0000000006dd41f6,12.69
3103,2019-08-04T02:00:38Z,89982a6acf91b79a282a6b63978e946ee205f303fcd20e944e06baf0,60.16544,24.95398,0000000038d83d41,17.4
3104,2019-08-04T02:00:38Z,8c75c3289c84fe4493e1e272a77b615fe1985880c5dc68a7c1a17b53,60.16762,24.95415,000000006b44cce7,10.78
3105,2019-08-04T02:00:38Z,91d3b80de4439a4a49ddb8a04d72a0a2ec6c08f351d70232842af567,60.16762,24.95415,000000006b44cce7,23.56
3106,2019-08-04T02:00:38Z,96c0705b3062754c4e9afc471e280530de69c8820bac642f30d4022b,60.16762,24.95415,000000006b44cce7,21.87
3107,2019-08-04T02:00:38Z,a3a21ef15e1883941a7ed2eb6150357ae068aa4b0b6ce6ca0482ea3a,60.1538,24.95595,0000000038bf9618,33.81
3108,2019-08-04T02:00:38Z,a3b4b2c08d30b2cbabe32fd49bcbb4f45f50a3f0b0e74f856bedb831,60.16762,24.95415,000000006b44cce7,9.12
3109,2019-08-04T02:00:38Z,a91d379a4b57c5df22db0d7a041ff69f657b4b31f28554b1011fc03c,60.16544,24.95398,0000000038d83d41,27.28
3110,2019-08-04T02:00:38Z,b5fd6b317890e5ab2d79e2cd1abe61626d45a753c7337d0d40728898,60.16762,24.95415,000000006b44cce7,5.91
3111,2019-08-04T02:00:38Z,c40c37def6bf11a63a2556519a7c6233fd417cdeea2cf14f28e7c42c,60.16531,24.9442,00000000fdda10fe,27.28
3112,2019-08-04T02:00:38Z,c578a1f266f1ac8f40756ab095d6d81719f90b3a1d4c4808f72ce963,60.14951,24.92138,0000000006dd41f6,33.81
3113,2019-08-04T02:00:38Z,c9cb2b9de2b21abecad29584393bea94a97f282f234f310e2468d7a7,60.16075,24.95883,00000000f1124bca,25.36
3114,2019-08-04T02:00:38Z,ce197d5eedb5498917afe7ca3f7275ffeb191f0c5d050bffa154c1d2,60.16531,24.9442,00000000fdda10fe,33.81
3115,2019-08-04T02:00:38Z,cf05623e4d87ce0906c0b0b7dbf53aacc1228016cd27c341228b6e76,60.18203,24.91341,00000000342570c2,18.79
3116,2019-08-04T02:00:38Z,d0bb9fef9a0ef26adcdd4732c9c20361bce49826f32c2892242831b8,60.16762,24.95415,000000006b44cce7,18.79
3117,2019-08-04T02:00:38Z,f088630d7476dae7d4b7e2bb1f10575f2c89acb4b6e061f3d57c2b40,60.16531,24.9442,00000000fdda10fe,25.36
3118,2019-08-04T02:00:38Z,f6609ab1076b1105bb845595a03b41b8fbb282f79c337df5bbc9f841,60.14699,24.922,00000000a53ed894,16.1
3119,2019-08-04T02:00:38Z,fc4f3a44235f1cfc7b53f14ba2da599976a5a0a220d23b852688e485,60.17919,24.95181,000000007b5207b6,17.4
3120,2019-08-04T02:00:38Z,032a59647297ad5458cd75a64c6405172cebb8eb2f33b7ab5ce92c4b,60.17918,24.95141,00000000675d5200,13.75
3121,2019-08-04T02:00:38Z,046d88221ec15b64bcac02c9056c3cdd39e2ce29bc8cde90aa2d7ed9,60.16897,24.95222,00000000aa852af1,29.32
3122,2019-08-04T02:00:38Z,0486b4520285f3ca2132b986edabb7c19dfc5708a6c163ff40ed37b9,60.16448,24.97323,0000000053c6c2be,17.4
3123,2019-08-04T02:00:38Z,11acd771bb0e2f3b2f3e08a7f5e80f0f44e73a715bff0585bc669672,60.17002,24.94407,000000006b087f40,31.5
3124,2019-08-04T02:00:38Z,124a6ddd121114d11fcde48234ff0b8931d0f3fba2b00efd0948255c,60.16897,24.95222,00000000aa852af1,14.89
3125,2019-08-04T02:00:38Z,137a95acb1432cb5b163aa6e55df6f8d03cfd04b24a6938e6e4d659d,60.16762,24.95415,000000006b44cce7,2.08
3126,2019-08-04T02:00:38Z,1780f64a77699d00e2128b929079dfa4cbc3724f901639c7ca5049f1,60.16629,24.95957,00000000fb7600be,16.1
3127,2019-08-04T02:00:38Z,1aa73dffaca5316817bb5e72030443bd91b6347af865218d53cf5929,60.1538,24.95595,0000000038bf9618,41.64
3128,2019-08-04T02:00:38Z,201bf4fc7952b70f96689a812948e3ad6bc7074c06604d4a1afa0b8e,60.17002,24.94407,000000006b087f40,23.56
3129,2019-08-04T02:00:38Z,2acdcfed6579c3f9a1683b1f56e28b2b7b75403200b054e6edd09fe7,60.1538,24.95595,0000000038bf9618,36.27
3130,2019-08-04T02:00:38Z,30fa308b62f0b2690eb8de9a8dcd711bb02917322258ed95a7c50362,60.17002,24.94407,000000006b087f40,29.32
3131,2019-08-04T02:00:38Z,45f3f37f5104c27fc21a7db518e7a7f57b68709f23f02b5efa540f7a,60.14947,24.91438,000000004ef3150d,9.12
3132,2019-08-04T02:00:38Z,4933441a869df1350df5f0d62d5eb729a3e16345489767c9e3c7b25d,60.16829,24.94214,00000000afef4555,47.69
3133,2019-08-04T02:00:38Z,4c3b8a7c738751ab5f9248766749e3c897b23514b294f34880eff55a,60.16897,24.95222,00000000aa852af1,27.28
3134,2019-08-04T02:00:38Z,525fcaa2bcfbade9ef76800daa052aeb740a91f97ca5d6e1275cb745,60.16762,24.95415,000000006b44cce7,11.7
3135,2019-08-04T02:00:38Z,584cb0b0cdd14e608c8b57c8aecc9826f9b40027e365e2438a444ea2,60.16762,24.95415,000000006b44cce7,12.69
3136,2019-08-04T02:00:38Z,5a089a2b4bb3f5a34f57f2dcafd1462570fa59744c22e9b00735e8c6,60.1538,24.95595,0000000038bf9618,18.79
3137,2019-08-04T02:00:38Z,699b48bb93c5befb62ff0686e75f158406b659f14daec16ab66d4499,60.15432,24.9211,0000000019fb59c4,18.79
3138,2019-08-04T02:00:38Z,6ff48066dbbd91fad556cf8d4584f5f79f7961521855734e82e4c187,60.16762,24.95415,000000006b44cce7,3.4
3139,2019-08-04T02:00:38Z,70cc7b0a8e166380ca0fbc55a58d9a59c9de9f05a9f95ebb82482d5a,60.16762,24.95415,000000006b44cce7,12.69
3140,2019-08-04T02:00:38Z,766fa923652ba92f13ab23349bce568d0b33dbf0ccdf7606e5e633ec,60.16531,24.9442,00000000fdda10fe,25.36
3141,2019-08-04T02:00:38Z,7a0f425ccdf5813a089dd619056db4cf41173803f079c37bab520825,60.18203,24.91341,00000000342570c2,27.28
3142,2019-08-04T02:00:38Z,7b91d732042030189a304f65807ba95cf9e2445e16fd7666747e7e56,60.1538,24.95595,0000000038bf9618,11.7
3143,2019-08-04T02:00:38Z,7bafc9b6f74b521018b3c6eb85088f47050dae502879caa96dcb94a6,60.1538,24.95595,0000000038bf9618,9.92
3144,2019-08-04T02:00:38Z,8e7c2f7966c3527e6bc8f358d74a087474c6985f4d5dfc4546693416,60.16829,24.94214,00000000afef4555,29.32
3145,2019-08-04T02:00:38Z,9173442e2f747f902896659a35f9782497dbe91c8c5c8e5b2c712fba,60.16897,24.95222,00000000aa852af1,12.69
3146,2019-08-04T02:00:38Z,9313086be16704612615b82b0fb0a2bac8d249cbf373b54d85a5b3f1,60.1538,24.95595,0000000038bf9618,21.87
3147,2019-08-04T02:00:38Z,94fb0519469907d303095ced8eea82b15282bbaf6df970a9d4025cb2,60.17002,24.94407,000000006b087f40,18.79
3148,2019-08-04T02:00:38Z,9885232e95a8b6b4437174be089c6af71b1fe0bddfea879d306b3041,60.17002,24.94407,000000006b087f40,27.28
3149,2019-08-04T02:00:38Z,9aa6011401452463ec819f07785394855c0b49c418b8e19d5fc768df,60.1538,24.95595,0000000038bf9618,27.28
3150,2019-08-04T02:00:38Z,9d713c9ce415e473048b45bbb35d6dcdef35cabaca39aa54f2e781a3,60.16531,24.9442,00000000fdda10fe,31.5
3151,2019-08-04T02:00:38Z,a6ef5803703844038809924894eda35e25c165a826ee9c3f14bc41d7,60.17919,24.95181,000000007b5207b6,16.1
3152,2019-08-04T02:00:38Z,aa1d7752e4be44a55f5bfc8df2f6c278afe69b5b19b79702a22908f8,60.1538,24.95595,0000000038bf9618,18.79
3153,2019-08-04T02:00:38Z,b38900c896751899e1c20c791610870bbbde7839746846d07481e0c7,60.16829,24.94214,00000000afef4555,8.38
3154,2019-08-04T02:00:38Z,b506a9cd3cec63a7d46738cf85aca5e1af318642251763063cd376d8,60.16762,24.95415,000000006b44cce7,16.1
3155,2019-08-04T02:00:38Z,bc07df8cc395f6f4f5d483b2233caca5f93a6918f346e4cc3702f8cc,60.16531,24.9442,00000000fdda10fe,9.12
3156,2019-08-04T02:00:38Z,c0a0ca3433586ed2ae0e448f2406fabac7292ac79d49562e0bd5cef8,60.16762,24.95415,000000006b44cce7,27.28
3157,2019-08-04T02:00:38Z,d2385ee2268e25ac4ecb903a337a6e512910a99cd4349e54eb5eaa72,60.17002,24.94407,000000006b087f40,29.32
3158,2019-08-04T02:00:38Z,d6ad6fb5be8355cc1f877358ec4f09a2ba3df7c177e331113ef376a1,60.16829,24.94214,00000000afef4555,17.4
3159,2019-08-04T02:00:38Z,e1bc48d02d172fa89085656433b35028a10ff453a3261a2634984559,60.149,24.9843,00000000fffb8cf0,14.89
3160,2019-08-04T02:00:38Z,e30c8d515f787275f7e911287d598f569fcfc5092a203f4c001d0dc6,60.16762,24.95415,000000006b44cce7,20.28
3161,2019-08-04T02:00:38Z,e8e8a9de5f61b99c3112c21d7e04620774bb5b9c615ec741aa5e8f66,60.1538,24.95595,0000000038bf9618,29.32
3162,2019-08-04T02:00:38Z,ecd3f6878f10e201456713c185926a3d85ae8b5eb2484b73f155ec5a,60.16531,24.9442,00000000fdda10fe,8.38
3163,2019-08-04T02:00:38Z,f2f62de93f5e3596a61d41a7fe5f0a10b2a73b89597cc33137ff5d2f,60.16829,24.94214,00000000afef4555,18.79
3164,2019-08-04T02:00:38Z,f8273595f5e5729d41d9da6b8dd60a5b3bd34f343f1ffe267c18d619,60.16762,24.95415,000000006b44cce7,7.69
3165,2019-08-04T02:00:38Z,f9399339c3de44774896319d3f291771cebcaf2666df1d6062469882,60.16531,24.9442,00000000fdda10fe,31.5
3166,2019-08-04T02:00:38Z,fa52a42bfc016af263aa6de3e51a3c8e965865253feb53003081635e,60.16829,24.94214,00000000afef4555,14.89
3167,2019-08-04T02:00:39Z,14c7e1511b70f4dd3359cbece1377aebb4d70531f5489eefe53d7c3c,60.16544,24.95398,0000000038d83d41,20.28
3168,2019-08-04T02:00:39Z,297c725b456ef12d2712634b21546721cbe93224d3a5762d897404f2,60.16762,24.95415,000000006b44cce7,12.69
3169,2019-08-04T02:00:39Z,3944bc7a301be7241d1f7bc4a97f221000d535ce3d8a9af9af9b23b5,60.16531,24.9442,00000000fdda10fe,36.27
3170,2019-08-04T02:00:39Z,43b676ed3aef4c2d8846694817e76117873be52e7f788e0cb366c1c4,60.16629,24.95957,00000000fb7600be,21.87
3171,2019-08-04T02:00:39Z,43ea43e1aaac8d6d523965f79fd32aa5e5942a98e66e9b6dbaf67f8d,60.16897,24.95222,00000000aa852af1,12.69
3172,2019-08-04T02:00:39Z,5bbb5184fded3e51bc78e45e39917794285e6bbc72da404802a9599a,60.16531,24.9442,00000000fdda10fe,18.79
3173,2019-08-04T02:00:39Z,5c833bdbbf1fd3a307bb37daa4021d8b3d3342b1552dcc0989fe9b16,60.16762,24.95415,000000006b44cce7,25.36
3174,2019-08-04T02:00:39Z,5d65719c4cbf045f068d084b72302f447d5fd034413d97d13be00d0e,60.18203,24.91341,00000000342570c2,18.79
3175,2019-08-04T02:00:39Z,66dabd3229229330d23c70e9e1737429ddfe69db01f4a6a00f70fa20,60.16762,24.95415,000000006b44cce7,18.79
3176,2019-08-04T02:00:39Z,6a70e2fbced719333e21eff04fcb9cb36bae9a04d1a3d6ddd96f2c58,60.15432,24.9211,0000000019fb59c4,20.28
3177,2019-08-04T02:00:39Z,6ff437688c444238352c28f64f9d2a7d0f14d19c9ea42c225380501e,60.16762,24.95415,000000006b44cce7,25.36
3178,2019-08-04T02:00:39Z,747f2d1ebff218c0ebbdc0fdaef4cbe56633dfb46ae1b1f8c8142201,60.16762,24.95415,000000006b44cce7,13.75
3179,2019-08-04T02:00:39Z,7986470a464b3209b8bd8128aa284404949b052dd423b443746edcff,60.14951,24.92138,0000000006dd41f6,29.32
3180,2019-08-04T02:00:39Z,79f136afa0dd8717337c01c70b457c464aaf0fa25b440f51a394ec23,60.16762,24.95415,000000006b44cce7,12.69
3181,2019-08-04T02:00:39Z,7de75f59d3110cdf6e742fba9785ed0399f83ea50e4c5d255adb21ff,60.16897,24.95222,00000000aa852af1,21.87
3182,2019-08-04T02:00:39Z,87dfaad29a9276ddddb1fa021d3bc23ad14824c1af16f7d87e713689,60.14951,24.92138,0000000006dd41f6,12.69
3183,2019-08-04T02:00:39Z,89982a6acf91b79a282a6b63978e946ee205f303fcd20e944e06baf0,60.16544,24.95398,0000000038d83d41,36.27
3184,2019-08-04T02:00:39Z,8c75c3289c84fe4493e1e272a77b615fe1985880c5dc68a7c1a17b53,60.16762,24.95415,000000006b44cce7,11.7
3185,2019-08-04T02:00:39Z,a3b4b2c08d30b2cbabe32fd49bcbb4f45f50a3f0b0e74f856bedb831,60.16762,24.95415,000000006b44cce7,12.69
3186,2019-08-04T02:00:39Z,a91d379a4b57c5df22db0d7a041ff69f657b4b31f28554b1011fc03c,60.16544,24.95398,0000000038d83d41,33.81
3187,2019-08-04T02:00:39Z,b33ae7715d6d2571066655c2c8954a5a364b5601869047de83410d9f,60.16629,24.95957,00000000fb7600be,25.36
3188,2019-08-04T02:00:39Z,b5026d7cf52e7ab96df2ba76a516d819fb11765e520b765d373d186b,60.16448,24.97323,0000000053c6c2be,25.36
3189,2019-08-04T02:00:39Z,b5fd6b317890e5ab2d79e2cd1abe61626d45a753c7337d0d40728898,60.16762,24.95415,000000006b44cce7,9.92
3190,2019-08-04T02:00:39Z,c40c37def6bf11a63a2556519a7c6233fd417cdeea2cf14f28e7c42c,60.16531,24.9442,00000000fdda10fe,25.36
3191,2019-08-04T02:00:39Z,c9cb2b9de2b21abecad29584393bea94a97f282f234f310e2468d7a7,60.16075,24.95883,00000000f1124bca,36.27
3192,2019-08-04T02:00:39Z,cf05623e4d87ce0906c0b0b7dbf53aacc1228016cd27c341228b6e76,60.18203,24.91341,00000000342570c2,17.4
3193,2019-08-04T02:00:39Z,f088630d7476dae7d4b7e2bb1f10575f2c89acb4b6e061f3d57c2b40,60.16531,24.9442,00000000fdda10fe,25.36
3194,2019-08-04T02:00:39Z,f6609ab1076b1105bb845595a03b41b8fbb282f79c337df5bbc9f841,60.14699,24.922,00000000a53ed894,9.92
3195,2019-08-04T02:00:39Z,fc4f3a44235f1cfc7b53f14ba2da599976a5a0a220d23b852688e485,60.17919,24.95181,000000007b5207b6,21.87
3196,2019-08-04T02:00:39Z,ff27e3a9af8f0e98635eb22fa40f53c8ba8452eb24bf16bc715508ea,60.16762,24.95415,000000006b44cce7,23.56
3197,2019-08-04T02:00:39Z,032a59647297ad5458cd75a64c6405172cebb8eb2f33b7ab5ce92c4b,60.17918,24.95141,00000000675d5200,13.75
3198,2019-08-04T02:00:39Z,033315d9de4e24b31697b4d26c71dec6e314545795fc0bea96aaa565,60.16829,24.94214,00000000afef4555,21.87
3199,2019-08-04T02:00:39Z,046d88221ec15b64bcac02c9056c3cdd39e2ce29bc8cde90aa2d7ed9,60.16897,24.95222,00000000aa852af1,13.75
3200,2019-08-04T02:00:39Z,11acd771bb0e2f3b2f3e08a7f5e80f0f44e73a715bff0585bc669672,60.17002,24.94407,000000006b087f40,29.32
3201,2019-08-04T02:00:39Z,124a6ddd121114d11fcde48234ff0b8931d0f3fba2b00efd0948255c,60.16897,24.95222,00000000aa852af1,12.69
3202,2019-08-04T02:00:39Z,137a95acb1432cb5b163aa6e55df6f8d03cfd04b24a6938e6e4d659d,60.16762,24.95415,000000006b44cce7,1.38
3203,2019-08-04T02:00:39Z,1780f64a77699d00e2128b929079dfa4cbc3724f901639c7ca5049f1,60.16629,24.95957,00000000fb7600be,14.89
3204,2019-08-04T02:00:39Z,1dacfb371d75dd4f90f447aac2a00faad98beb4188a6971c19eb2375,60.16629,24.95957,00000000fb7600be,23.56
3205,2019-08-04T02:00:39Z,201bf4fc7952b70f96689a812948e3ad6bc7074c06604d4a1afa0b8e,60.17002,24.94407,000000006b087f40,33.81
3206,2019-08-04T02:00:39Z,2acdcfed6579c3f9a1683b1f56e28b2b7b75403200b054e6edd09fe7,60.1538,24.95595,0000000038bf9618,20.28
3207,2019-08-04T02:00:39Z,30fa308b62f0b2690eb8de9a8dcd711bb02917322258ed95a7c50362,60.17002,24.94407,000000006b087f40,25.36
3208,2019-08-04T02:00:39Z,406c8df3855d308047a12843434f2fac7dc6a2dba12c20edbdf06606,60.1538,24.95595,0000000038bf9618,29.32
3209,2019-08-04T02:00:39Z,45f3f37f5104c27fc21a7db518e7a7f57b68709f23f02b5efa540f7a,60.14947,24.91438,000000004ef3150d,13.75
3210,2019-08-04T02:00:39Z,525fcaa2bcfbade9ef76800daa052aeb740a91f97ca5d6e1275cb745,60.16762,24.95415,000000006b44cce7,9.92
3211,2019-08-04T02:00:39Z,584cb0b0cdd14e608c8b57c8aecc9826f9b40027e365e2438a444ea2,60.16762,24.95415,000000006b44cce7,10.78
3212,2019-08-04T02:00:39Z,5a089a2b4bb3f5a34f57f2dcafd1462570fa59744c22e9b00735e8c6,60.1538,24.95595,0000000038bf9618,23.56
3213,2019-08-04T02:00:39Z,6ff48066dbbd91fad556cf8d4584f5f79f7961521855734e82e4c187,60.16762,24.95415,000000006b44cce7,1.88
3214,2019-08-04T02:00:39Z,70cc7b0a8e166380ca0fbc55a58d9a59c9de9f05a9f95ebb82482d5a,60.16762,24.95415,000000006b44cce7,12.69
3215,2019-08-04T02:00:39Z,71f355be08f13d640dc24a9f913f4ed2b3b255a64857aef79266e4a9,60.14699,24.922,00000000a53ed894,33.81
3216,2019-08-04T02:00:39Z,766fa923652ba92f13ab23349bce568d0b33dbf0ccdf7606e5e633ec,60.16531,24.9442,00000000fdda10fe,20.28
3217,2019-08-04T02:00:39Z,7af0c77f50a36fde55c6116ce6fc95063a67a5db61e827b85739d62d,60.16762,24.95415,000000006b44cce7,14.89
3218,2019-08-04T02:00:39Z,7b91d732042030189a304f65807ba95cf9e2445e16fd7666747e7e56,60.1538,24.95595,0000000038bf9618,9.92
3219,2019-08-04T02:00:39Z,7bafc9b6f74b521018b3c6eb85088f47050dae502879caa96dcb94a6,60.1538,24.95595,0000000038bf9618,9.12
3220,2019-08-04T02:00:39Z,8839be224a62c0ebfd04c2a31407afbbf531a4f27231aeda6f3222b4,60.17002,24.94407,000000006b087f40,20.28
3221,2019-08-04T02:00:39Z,8b49994992a96e97c5f92629f1aca931941db8b36050ac6b25c3c67f,60.16897,24.95222,00000000aa852af1,25.36
3222,2019-08-04T02:00:39Z,9173442e2f747f902896659a35f9782497dbe91c8c5c8e5b2c712fba,60.16897,24.95222,00000000aa852af1,11.7
3223,2019-08-04T02:00:39Z,94fb0519469907d303095ced8eea82b15282bbaf6df970a9d4025cb2,60.17002,24.94407,000000006b087f40,14.89
3224,2019-08-04T02:00:39Z,9885232e95a8b6b4437174be089c6af71b1fe0bddfea879d306b3041,60.17002,24.94407,000000006b087f40,13.75
3225,2019-08-04T02:00:39Z,9aa6011401452463ec819f07785394855c0b49c418b8e19d5fc768df,60.1538,24.95595,0000000038bf9618,31.5
3226,2019-08-04T02:00:39Z,a6ef5803703844038809924894eda35e25c165a826ee9c3f14bc41d7,60.17919,24.95181,000000007b5207b6,17.4
3227,2019-08-04T02:00:39Z,aa1d7752e4be44a55f5bfc8df2f6c278afe69b5b19b79702a22908f8,60.1538,24.95595,0000000038bf9618,20.28
3228,2019-08-04T02:00:39Z,b38900c896751899e1c20c791610870bbbde7839746846d07481e0c7,60.16829,24.94214,00000000afef4555,9.92
3229,2019-08-04T02:00:39Z,b506a9cd3cec63a7d46738cf85aca5e1af318642251763063cd376d8,60.16762,24.95415,000000006b44cce7,27.28
3230,2019-08-04T02:00:39Z,b6b900b0eb62ba369c75a8851299367b1ebd94fbf19ccfa3d5466248,60.1538,24.95595,0000000038bf9618,33.81
3231,2019-08-04T02:00:39Z,bc07df8cc395f6f4f5d483b2233caca5f93a6918f346e4cc3702f8cc,60.16531,24.9442,00000000fdda10fe,8.38
3232,2019-08-04T02:00:39Z,c0a0ca3433586ed2ae0e448f2406fabac7292ac79d49562e0bd5cef8,60.16762,24.95415,000000006b44cce7,11.7
3233,2019-08-04T02:00:39Z,cf01a59875fd999d9698c266b7634a09f9264a5ff26a1c3c48af9069,60.17002,24.94407,000000006b087f40,29.32
3234,2019-08-04T02:00:39Z,d6ad6fb5be8355cc1f877358ec4f09a2ba3df7c177e331113ef376a1,60.16829,24.94214,00000000afef4555,16.1
3235,2019-08-04T02:00:39Z,e1b31619e8ea8785668fb4f5765431250e6ee3c9a127e38de21bc694,60.16829,24.94214,00000000afef4555,29.32
3236,2019-08-04T02:00:39Z,e1bc48d02d172fa89085656433b35028a10ff453a3261a2634984559,60.149,24.9843,00000000fffb8cf0,27.28
3237,2019-08-04T02:00:39Z,e30c8d515f787275f7e911287d598f569fcfc5092a203f4c001d0dc6,60.16762,24.95415,000000006b44cce7,27.28
3238,2019-08-04T02:00:39Z,e5b564cf327f7db10f48bff6a13bbcb59e968da0f12c91756dfdfc09,60.16762,24.95415,000000006b44cce7,17.4
3239,2019-08-04T02:00:39Z,ecd3f6878f10e201456713c185926a3d85ae8b5eb2484b73f155ec5a,60.16531,24.9442,00000000fdda10fe,7.69
3240,2019-08-04T02:00:39Z,ed3b2eaece7e8846b296ad5c3f195aafb7410c95a88887d845982981,60.16762,24.95415,000000006b44cce7,17.4
3241,2019-08-04T02:00:39Z,f2f62de93f5e3596a61d41a7fe5f0a10b2a73b89597cc33137ff5d2f,60.16829,24.94214,00000000afef4555,16.1
3242,2019-08-04T02:00:39Z,f39586246b349fd26e26b06bfdbf9149d03895270dfe4268dd7a6848,60.1538,24.95595,0000000038bf9618,20.28
3243,2019-08-04T02:00:39Z,f8273595f5e5729d41d9da6b8dd60a5b3bd34f343f1ffe267c18d619,60.16762,24.95415,000000006b44cce7,18.79
3244,2019-08-04T02:00:39Z,f9399339c3de44774896319d3f291771cebcaf2666df1d6062469882,60.16531,24.9442,00000000fdda10fe,31.5
3245,2019-08-04T02:00:40Z,14c7e1511b70f4dd3359cbece1377aebb4d70531f5489eefe53d7c3c,60.16544,24.95398,0000000038d83d41,21.87
3246,2019-08-04T02:00:40Z,297c725b456ef12d2712634b21546721cbe93224d3a5762d897404f2,60.16762,24.95415,000000006b44cce7,10.78
3247,2019-08-04T02:00:40Z,43b676ed3aef4c2d8846694817e76117873be52e7f788e0cb366c1c4,60.16629,24.95957,00000000fb7600be,29.32
3248,2019-08-04T02:00:40Z,43ea43e1aaac8d6d523965f79fd32aa5e5942a98e66e9b6dbaf67f8d,60.16897,24.95222,00000000aa852af1,11.7
3249,2019-08-04T02:00:40Z,5bbb5184fded3e51bc78e45e39917794285e6bbc72da404802a9599a,60.16531,24.9442,00000000fdda10fe,18.79
3250,2019-08-04T02:00:40Z,5c833bdbbf1fd3a307bb37daa4021d8b3d3342b1552dcc0989fe9b16,60.16762,24.95415,000000006b44cce7,9.12
3251,2019-08-04T02:00:40Z,5d65719c4cbf045f068d084b72302f447d5fd034413d97d13be00d0e,60.18203,24.91341,00000000342570c2,17.4
3252,2019-08-04T02:00:40Z,6066632ddc94b5c482a2d4f45ed2532e55e3fd63e414a084a596a737,60.16762,24.95415,000000006b44cce7,21.87
3253,2019-08-04T02:00:40Z,66dabd3229229330d23c70e9e1737429ddfe69db01f4a6a00f70fa20,60.16762,24.95415,000000006b44cce7,18.79
3254,2019-08-04T02:00:40Z,6a70e2fbced719333e21eff04fcb9cb36bae9a04d1a3d6ddd96f2c58,60.15432,24.9211,0000000019fb59c4,18.79
3255,2019-08-04T02:00:40Z,6c4c3fd8fa1c46dafdf6c420406a7ed41d85ebbdee767b1937ce6af0,60.16762,24.95415,000000006b44cce7,29.32
3256,2019-08-04T02:00:40Z,747f2d1ebff218c0ebbdc0fdaef4cbe56633dfb46ae1b1f8c8142201,60.16762,24.95415,000000006b44cce7,11.7
3257,2019-08-04T02:00:40Z,793101e1460a163336a3cac64fab8c81000c19084220aefc41e83e08,60.14951,24.92138,0000000006dd41f6,27.28
3258,2019-08-04T02:00:40Z,79f136afa0dd8717337c01c70b457c464aaf0fa25b440f51a394ec23,60.16762,24.95415,000000006b44cce7,13.75
3259,2019-08-04T02:00:40Z,7de75f59d3110cdf6e742fba9785ed0399f83ea50e4c5d255adb21ff,60.16897,24.95222,00000000aa852af1,21.87
3260,2019-08-04T02:00:40Z,87dfaad29a9276ddddb1fa021d3bc23ad14824c1af16f7d87e713689,60.14951,24.92138,0000000006dd41f6,9.12
3261,2019-08-04T02:00:40Z,89982a6acf91b79a282a6b63978e946ee205f303fcd20e944e06baf0,60.16544,24.95398,0000000038d83d41,21.87
3262,2019-08-04T02:00:40Z,8c75c3289c84fe4493e1e272a77b615fe1985880c5dc68a7c1a17b53,60.16762,24.95415,000000006b44cce7,17.4
3263,2019-08-04T02:00:40Z,91d3b80de4439a4a49ddb8a04d72a0a2ec6c08f351d70232842af567,60.16762,24.95415,000000006b44cce7,27.28
3264,2019-08-04T02:00:40Z,96c0705b3062754c4e9afc471e280530de69c8820bac642f30d4022b,60.16762,24.95415,000000006b44cce7,20.28
3265,2019-08-04T02:00:40Z,a3b4b2c08d30b2cbabe32fd49bcbb4f45f50a3f0b0e74f856bedb831,60.16762,24.95415,000000006b44cce7,13.75
3266,2019-08-04T02:00:40Z,a91d379a4b57c5df22db0d7a041ff69f657b4b31f28554b1011fc03c,60.16544,24.95398,0000000038d83d41,31.5
3267,2019-08-04T02:00:40Z,b5fd6b317890e5ab2d79e2cd1abe61626d45a753c7337d0d40728898,60.16762,24.95415,000000006b44cce7,8.38
3268,2019-08-04T02:00:40Z,c9cb2b9de2b21abecad29584393bea94a97f282f234f310e2468d7a7,60.16075,24.95883,00000000f1124bca,27.28
3269,2019-08-04T02:00:40Z,cf05623e4d87ce0906c0b0b7dbf53aacc1228016cd27c341228b6e76,60.18203,24.91341,00000000342570c2,20.28
3270,2019-08-04T02:00:40Z,d0bb9fef9a0ef26adcdd4732c9c20361bce49826f32c2892242831b8,60.16762,24.95415,000000006b44cce7,16.1
3271,2019-08-04T02:00:40Z,d3a7551bf49985224896e28a8242dbfe20c7a5e4642726a7febfce7b,60.17002,24.94407,000000006b087f40,33.81
3272,2019-08-04T02:00:40Z,f088630d7476dae7d4b7e2bb1f10575f2c89acb4b6e061f3d57c2b40,60.16531,24.9442,00000000fdda10fe,21.87
3273,2019-08-04T02:00:40Z,f6609ab1076b1105bb845595a03b41b8fbb282f79c337df5bbc9f841,60.14699,24.922,00000000a53ed894,13.75
3274,2019-08-04T02:00:40Z,fc4f3a44235f1cfc7b53f14ba2da599976a5a0a220d23b852688e485,60.17919,24.95181,000000007b5207b6,17.4
3275,2019-08-04T02:00:40Z,032a59647297ad5458cd75a64c6405172cebb8eb2f33b7ab5ce92c4b,60.17918,24.95141,00000000675d5200,16.1
3276,2019-08-04T02:00:40Z,033315d9de4e24b31697b4d26c71dec6e314545795fc0bea96aaa565,60.16829,24.94214,00000000afef4555,27.28
3277,2019-08-04T02:00:40Z,046d88221ec15b64bcac02c9056c3cdd39e2ce29bc8cde90aa2d7ed9,60.16897,24.95222,00000000aa852af1,14.89
3278,2019-08-04T02:00:40Z,11acd771bb0e2f3b2f3e08a7f5e80f0f44e73a715bff0585bc669672,60.17002,24.94407,000000006b087f40,23.56
3279,2019-08-04T02:00:40Z,124a6ddd121114d11fcde48234ff0b8931d0f3fba2b00efd0948255c,60.16897,24.95222,00000000aa852af1,4.11
3280,2019-08-04T02:00:40Z,137a95acb1432cb5b163aa6e55df6f8d03cfd04b24a6938e6e4d659d,60.16762,24.95415,000000006b44cce7,1.7
3281,2019-08-04T02:00:40Z,16d658201a024bf88376687063f50b0d3e27086374e15780e514e09e,60.16829,24.94214,00000000afef4555,18.79
3282,2019-08-04T02:00:40Z,1780f64a77699d00e2128b929079dfa4cbc3724f901639c7ca5049f1,60.16629,24.95957,00000000fb7600be,16.1
3283,2019-08-04T02:00:40Z,1dacfb371d75dd4f90f447aac2a00faad98beb4188a6971c19eb2375,60.16629,24.95957,00000000fb7600be,25.36
3284,2019-08-04T02:00:40Z,2696f6a462520c8284659d993a9bf0545c2b2f278e1538f7f60dd1d3,60.17002,24.94407,000000006b087f40,7.69
3285,2019-08-04T02:00:40Z,2acdcfed6579c3f9a1683b1f56e28b2b7b75403200b054e6edd09fe7,60.1538,24.95595,0000000038bf9618,27.28
3286,2019-08-04T02:00:40Z,328286707dbac37309d1754d3b260d09250047915b4c08d79c1da691,60.16762,24.95415,000000006b44cce7,25.36
3287,2019-08-04T02:00:40Z,339f6a365c38070f7de8fbf2f831e126f72a0f5d109d5be30735cb7e,60.16897,24.95222,00000000aa852af1,29.32
3288,2019-08-04T02:00:40Z,45f3f37f5104c27fc21a7db518e7a7f57b68709f23f02b5efa540f7a,60.14947,24.91438,000000004ef3150d,12.69
3289,2019-08-04T02:00:40Z,47de555c057bf55633de335cbcd553c3ed54cb6937bf717f3e9c2098,60.1538,24.95595,0000000038bf9618,33.81
3290,2019-08-04T02:00:40Z,525fcaa2bcfbade9ef76800daa052aeb740a91f97ca5d6e1275cb745,60.16762,24.95415,000000006b44cce7,25.36
3291,2019-08-04T02:00:40Z,52b5c13130e800c3d760150f50d6fb634f091cc97cd7dfdaa92cdd71,60.16897,24.95222,00000000aa852af1,29.32
3292,2019-08-04T02:00:40Z,584cb0b0cdd14e608c8b57c8aecc9826f9b40027e365e2438a444ea2,60.16762,24.95415,000000006b44cce7,17.4
3293,2019-08-04T02:00:40Z,66e7412496e5ad9efd31af7a7f1a88e1fdcd371a60adfe516dd71704,60.16829,24.94214,00000000afef4555,21.87
3294,2019-08-04T02:00:40Z,699b48bb93c5befb62ff0686e75f158406b659f14daec16ab66d4499,60.15432,24.9211,0000000019fb59c4,18.79
3295,2019-08-04T02:00:40Z,6ff48066dbbd91fad556cf8d4584f5f79f7961521855734e82e4c187,60.16762,24.95415,000000006b44cce7,1.12
3296,2019-08-04T02:00:40Z,70cc7b0a8e166380ca0fbc55a58d9a59c9de9f05a9f95ebb82482d5a,60.16762,24.95415,000000006b44cce7,11.7
3297,2019-08-04T02:00:40Z,71f355be08f13d640dc24a9f913f4ed2b3b255a64857aef79266e4a9,60.14699,24.922,00000000a53ed894,38.87
3298,2019-08-04T02:00:40Z,766fa923652ba92f13ab23349bce568d0b33dbf0ccdf7606e5e633ec,60.16531,24.9442,00000000fdda10fe,38.87
3299,2019-08-04T02:00:40Z,7a0f425ccdf5813a089dd619056db4cf41173803f079c37bab520825,60.18203,24.91341,00000000342570c2,21.87
3300,2019-08-04T02:00:40Z,7b91d732042030189a304f65807ba95cf9e2445e16fd7666747e7e56,60.1538,24.95595,0000000038bf9618,12.69
3301,2019-08-04T02:00:40Z,7bafc9b6f74b521018b3c6eb85088f47050dae502879caa96dcb94a6,60.1538,24.95595,0000000038bf9618,18.79
3302,2019-08-04T02:00:40Z,8416e0178828e17fc5c21b578ba67bd99c26bdf132fc72570dbd8693,60.16448,24.97323,0000000053c6c2be,27.28
3303,2019-08-04T02:00:40Z,9173442e2f747f902896659a35f9782497dbe91c8c5c8e5b2c712fba,60.16897,24.95222,00000000aa852af1,7.69
3304,2019-08-04T02:00:40Z,94fb0519469907d303095ced8eea82b15282bbaf6df970a9d4025cb2,60.17002,24.94407,000000006b087f40,23.56
3305,2019-08-04T02:00:40Z,9885232e95a8b6b4437174be089c6af71b1fe0bddfea879d306b3041,60.17002,24.94407,000000006b087f40,13.75
3306,2019-08-04T02:00:40Z,9aa6011401452463ec819f07785394855c0b49c418b8e19d5fc768df,60.1538,24.95595,0000000038bf9618,23.56
3307,2019-08-04T02:00:40Z,a12dfe20bcda9301943010682dd87a01ab2662611ca795c4ff1fe6c6,60.16531,24.9442,00000000fdda10fe,29.32
3308,2019-08-04T02:00:40Z,a6ef5803703844038809924894eda35e25c165a826ee9c3f14bc41d7,60.17919,24.95181,000000007b5207b6,16.1
3309,2019-08-04T02:00:40Z,aa1d7752e4be44a55f5bfc8df2f6c278afe69b5b19b79702a22908f8,60.1538,24.95595,0000000038bf9618,36.27
3310,2019-08-04T02:00:40Z,abde1ce60ef19a41508ac1f9661c3dec611550421c09cc568ced193f,60.17002,24.94407,000000006b087f40,21.87
3311,2019-08-04T02:00:40Z,b38900c896751899e1c20c791610870bbbde7839746846d07481e0c7,60.16829,24.94214,00000000afef4555,31.5
3312,2019-08-04T02:00:40Z,b506a9cd3cec63a7d46738cf85aca5e1af318642251763063cd376d8,60.16762,24.95415,000000006b44cce7,21.87
3313,2019-08-04T02:00:40Z,b6b900b0eb62ba369c75a8851299367b1ebd94fbf19ccfa3d5466248,60.1538,24.95595,0000000038bf9618,33.81
3314,2019-08-04T02:00:40Z,bc07df8cc395f6f4f5d483b2233caca5f93a6918f346e4cc3702f8cc,60.16531,24.9442,00000000fdda10fe,9.12
3315,2019-08-04T02:00:40Z,c0a0ca3433586ed2ae0e448f2406fabac7292ac79d49562e0bd5cef8,60.16762,24.95415,000000006b44cce7,12.69
3316,2019-08-04T02:00:40Z,cf01a59875fd999d9698c266b7634a09f9264a5ff26a1c3c48af9069,60.17002,24.94407,000000006b087f40,29.32
3317,2019-08-04T02:00:40Z,d00f32677e342c7dcb88c9fa30272e08ec9a4f49d8006dffbf598a03,60.16762,24.95415,000000006b44cce7,18.79
3318,2019-08-04T02:00:40Z,dc2e0f02adb13656668baaf52c062c10202521cf47f04a2c106becdd,60.16531,24.9442,00000000fdda10fe,20.28
3319,2019-08-04T02:00:40Z,e1bc48d02d172fa89085656433b35028a10ff453a3261a2634984559,60.149,24.9843,00000000fffb8cf0,14.89
3320,2019-08-04T02:00:40Z,e30c8d515f787275f7e911287d598f569fcfc5092a203f4c001d0dc6,60.16762,24.95415,000000006b44cce7,21.87
3321,2019-08-04T02:00:40Z,e7baeb3fa75db84982c28c08efcf29a123618b687c634aae2f7a2b1a,60.16531,24.9442,00000000fdda10fe,21.87
3322,2019-08-04T02:00:40Z,ecd3f6878f10e201456713c185926a3d85ae8b5eb2484b73f155ec5a,60.16531,24.9442,00000000fdda10fe,7.05
3323,2019-08-04T02:00:40Z,ed3b2eaece7e8846b296ad5c3f195aafb7410c95a88887d845982981,60.16762,24.95415,000000006b44cce7,14.89
3324,2019-08-04T02:00:40Z,f2f62de93f5e3596a61d41a7fe5f0a10b2a73b89597cc33137ff5d2f,60.16829,24.94214,00000000afef4555,18.79
3325,2019-08-04T02:00:40Z,f39586246b349fd26e26b06bfdbf9149d03895270dfe4268dd7a6848,60.1538,24.95595,0000000038bf9618,29.32
3326,2019-08-04T02:00:40Z,f8273595f5e5729d41d9da6b8dd60a5b3bd34f343f1ffe267c18d619,60.16762,24.95415,000000006b44cce7,20.28
3327,2019-08-04T02:00:41Z,14c7e1511b70f4dd3359cbece1377aebb4d70531f5489eefe53d7c3c,60.16544,24.95398,0000000038d83d41,25.36
3328,2019-08-04T02:00:41Z,297c725b456ef12d2712634b21546721cbe93224d3a5762d897404f2,60.16762,24.95415,000000006b44cce7,11.7
3329,2019-08-04T02:00:41Z,3944bc7a301be7241d1f7bc4a97f221000d535ce3d8a9af9af9b23b5,60.16531,24.9442,00000000fdda10fe,38.87
3330,2019-08-04T02:00:41Z,43b676ed3aef4c2d8846694817e76117873be52e7f788e0cb366c1c4,60.16629,24.95957,00000000fb7600be,21.87
3331,2019-08-04T02:00:41Z,43ea43e1aaac8d6d523965f79fd32aa5e5942a98e66e9b6dbaf67f8d,60.16897,24.95222,00000000aa852af1,13.75
3332,2019-08-04T02:00:41Z,5bbb5184fded3e51bc78e45e39917794285e6bbc72da404802a9599a,60.16531,24.9442,00000000fdda10fe,21.87
3333,2019-08-04T02:00:41Z,5c833bdbbf1fd3a307bb37daa4021d8b3d3342b1552dcc0989fe9b16,60.16762,24.95415,000000006b44cce7,9.92
3334,2019-08-04T02:00:41Z,5d65719c4cbf045f068d084b72302f447d5fd034413d97d13be00d0e,60.18203,24.91341,00000000342570c2,17.4
3335,2019-08-04T02:00:41Z,6066632ddc94b5c482a2d4f45ed2532e55e3fd63e414a084a596a737,60.16762,24.95415,000000006b44cce7,18.79
3336,2019-08-04T02:00:41Z,66dabd3229229330d23c70e9e1737429ddfe69db01f4a6a00f70fa20,60.16762,24.95415,000000006b44cce7,21.87
3337,2019-08-04T02:00:41Z,6a70e2fbced719333e21eff04fcb9cb36bae9a04d1a3d6ddd96f2c58,60.15432,24.9211,0000000019fb59c4,21.87
3338,2019-08-04T02:00:41Z,6f06341f358e61699fe1e55e986dd0554bc8da28b91daf0c5ad99db6,60.16629,24.95957,00000000fb7600be,25.36
3339,2019-08-04T02:00:41Z,6ff437688c444238352c28f64f9d2a7d0f14d19c9ea42c225380501e,60.16762,24.95415,000000006b44cce7,23.56
3340,2019-08-04T02:00:41Z,79f136afa0dd8717337c01c70b457c464aaf0fa25b440f51a394ec23,60.16762,24.95415,000000006b44cce7,13.75
3341,2019-08-04T02:00:41Z,7de75f59d3110cdf6e742fba9785ed0399f83ea50e4c5d255adb21ff,60.16897,24.95222,00000000aa852af1,25.36
3342,2019-08-04T02:00:41Z,87dfaad29a9276ddddb1fa021d3bc23ad14824c1af16f7d87e713689,60.14951,24.92138,0000000006dd41f6,11.7
3343,2019-08-04T02:00:41Z,89982a6acf91b79a282a6b63978e946ee205f303fcd20e944e06baf0,60.16544,24.95398,0000000038d83d41,33.81
3344,2019-08-04T02:00:41Z,8c75c3289c84fe4493e1e272a77b615fe1985880c5dc68a7c1a17b53,60.16762,24.95415,000000006b44cce7,12.69
3345,2019-08-04T02:00:41Z,91d3b80de4439a4a49ddb8a04d72a0a2ec6c08f351d70232842af567,60.16762,24.95415,000000006b44cce7,25.36
3346,2019-08-04T02:00:41Z,96c0705b3062754c4e9afc471e280530de69c8820bac642f30d4022b,60.16762,24.95415,000000006b44cce7,21.87
3347,2019-08-04T02:00:41Z,a3a21ef15e1883941a7ed2eb6150357ae068aa4b0b6ce6ca0482ea3a,60.1538,24.95595,0000000038bf9618,33.81
3348,2019-08-04T02:00:41Z,a3b4b2c08d30b2cbabe32fd49bcbb4f45f50a3f0b0e74f856bedb831,60.16762,24.95415,000000006b44cce7,17.4
3349,2019-08-04T02:00:41Z,a91d379a4b57c5df22db0d7a041ff69f657b4b31f28554b1011fc03c,60.16544,24.95398,0000000038d83d41,33.81
3350,2019-08-04T02:00:41Z,b33ae7715d6d2571066655c2c8954a5a364b5601869047de83410d9f,60.16629,24.95957,00000000fb7600be,21.87
3351,2019-08-04T02:00:41Z,b5fd6b317890e5ab2d79e2cd1abe61626d45a753c7337d0d40728898,60.16762,24.95415,000000006b44cce7,6.46
3352,2019-08-04T02:00:41Z,c9cb2b9de2b21abecad29584393bea94a97f282f234f310e2468d7a7,60.16075,24.95883,00000000f1124bca,29.32
3353,2019-08-04T02:00:41Z,cf05623e4d87ce0906c0b0b7dbf53aacc1228016cd27c341228b6e76,60.18203,24.91341,00000000342570c2,18.79
3354,2019-08-04T02:00:41Z,d0bb9fef9a0ef26adcdd4732c9c20361bce49826f32c2892242831b8,60.16762,24.95415,000000006b44cce7,17.4
3355,2019-08-04T02:00:41Z,f088630d7476dae7d4b7e2bb1f10575f2c89acb4b6e061f3d57c2b40,60.16531,24.9442,00000000fdda10fe,21.87
3356,2019-08-04T02:00:41Z,f6609ab1076b1105bb845595a03b41b8fbb282f79c337df5bbc9f841,60.14699,24.922,00000000a53ed894,13.75
3357,2019-08-04T02:00:41Z,fc4f3a44235f1cfc7b53f14ba2da599976a5a0a220d23b852688e485,60.17919,24.95181,000000007b5207b6,16.1
3358,2019-08-04T02:00:41Z,032a59647297ad5458cd75a64c6405172cebb8eb2f33b7ab5ce92c4b,60.17918,24.95141,00000000675d5200,16.1
3359,2019-08-04T02:00:41Z,046d88221ec15b64bcac02c9056c3cdd39e2ce29bc8cde90aa2d7ed9,60.16897,24.95222,00000000aa852af1,25.36
3360,2019-08-04T02:00:41Z,11acd771bb0e2f3b2f3e08a7f5e80f0f44e73a715bff0585bc669672,60.17002,24.94407,000000006b087f40,18.79
3361,2019-08-04T02:00:41Z,124a6ddd121114d11fcde48234ff0b8931d0f3fba2b00efd0948255c,60.16897,24.95222,00000000aa852af1,4.94
3362,2019-08-04T02:00:41Z,137a95acb1432cb5b163aa6e55df6f8d03cfd04b24a6938e6e4d659d,60.16762,24.95415,000000006b44cce7,1.88
3363,2019-08-04T02:00:41Z,16d658201a024bf88376687063f50b0d3e27086374e15780e514e09e,60.16829,24.94214,00000000afef4555,25.36
3364,2019-08-04T02:00:41Z,1780f64a77699d00e2128b929079dfa4cbc3724f901639c7ca5049f1,60.16629,24.95957,00000000fb7600be,16.1
3365,2019-08-04T02:00:41Z,1dacfb371d75dd4f90f447aac2a00faad98beb4188a6971c19eb2375,60.16629,24.95957,00000000fb7600be,25.36
3366,2019-08-04T02:00:41Z,201bf4fc7952b70f96689a812948e3ad6bc7074c06604d4a1afa0b8e,60.17002,24.94407,000000006b087f40,29.32
3367,2019-08-04T02:00:41Z,2696f6a462520c8284659d993a9bf0545c2b2f278e1538f7f60dd1d3,60.17002,24.94407,000000006b087f40,7.05
3368,2019-08-04T02:00:41Z,2acdcfed6579c3f9a1683b1f56e28b2b7b75403200b054e6edd09fe7,60.1538,24.95595,0000000038bf9618,38.87
3369,2019-08-04T02:00:41Z,339f6a365c38070f7de8fbf2f831e126f72a0f5d109d5be30735cb7e,60.16897,24.95222,00000000aa852af1,36.27
3370,2019-08-04T02:00:41Z,45f3f37f5104c27fc21a7db518e7a7f57b68709f23f02b5efa540f7a,60.14947,24.91438,000000004ef3150d,10.78
3371,2019-08-04T02:00:41Z,47de555c057bf55633de335cbcd553c3ed54cb6937bf717f3e9c2098,60.1538,24.95595,0000000038bf9618,36.27
3372,2019-08-04T02:00:41Z,525fcaa2bcfbade9ef76800daa052aeb740a91f97ca5d6e1275cb745,60.16762,24.95415,000000006b44cce7,18.79
3373,2019-08-04T02:00:41Z,584cb0b0cdd14e608c8b57c8aecc9826f9b40027e365e2438a444ea2,60.16762,24.95415,000000006b44cce7,9.92
3374,2019-08-04T02:00:41Z,66e7412496e5ad9efd31af7a7f1a88e1fdcd371a60adfe516dd71704,60.16829,24.94214,00000000afef4555,20.28
3375,2019-08-04T02:00:41Z,699b48bb93c5befb62ff0686e75f158406b659f14daec16ab66d4499,60.15432,24.9211,0000000019fb59c4,33.81
3376,2019-08-04T02:00:41Z,6ff48066dbbd91fad556cf8d4584f5f79f7961521855734e82e4c187,60.16762,24.95415,000000006b44cce7,2.08
3377,2019-08-04T02:00:41Z,70cc7b0a8e166380ca0fbc55a58d9a59c9de9f05a9f95ebb82482d5a,60.16762,24.95415,000000006b44cce7,16.1
3378,2019-08-04T02:00:41Z,766fa923652ba92f13ab23349bce568d0b33dbf0ccdf7606e5e633ec,60.16531,24.9442,00000000fdda10fe,8.38
3379,2019-08-04T02:00:41Z,7a0f425ccdf5813a089dd619056db4cf41173803f079c37bab520825,60.18203,24.91341,00000000342570c2,29.32
3380,2019-08-04T02:00:41Z,7af0c77f50a36fde55c6116ce6fc95063a67a5db61e827b85739d62d,60.16762,24.95415,000000006b44cce7,16.1
3381,2019-08-04T02:00:41Z,7b91d732042030189a304f65807ba95cf9e2445e16fd7666747e7e56,60.1538,24.95595,0000000038bf9618,29.32
3382,2019-08-04T02:00:41Z,7bafc9b6f74b521018b3c6eb85088f47050dae502879caa96dcb94a6,60.1538,24.95595,0000000038bf9618,11.7
3383,2019-08-04T02:00:41Z,8b49994992a96e97c5f92629f1aca931941db8b36050ac6b25c3c67f,60.16897,24.95222,00000000aa852af1,25.36
3384,2019-08-04T02:00:41Z,8e7c2f7966c3527e6bc8f358d74a087474c6985f4d5dfc4546693416,60.16829,24.94214,00000000afef4555,17.4
3385,2019-08-04T02:00:41Z,9173442e2f747f902896659a35f9782497dbe91c8c5c8e5b2c712fba,60.16897,24.95222,00000000aa852af1,8.38
3386,2019-08-04T02:00:41Z,9313086be16704612615b82b0fb0a2bac8d249cbf373b54d85a5b3f1,60.1538,24.95595,0000000038bf9618,33.81
3387,2019-08-04T02:00:41Z,9885232e95a8b6b4437174be089c6af71b1fe0bddfea879d306b3041,60.17002,24.94407,000000006b087f40,14.89
3388,2019-08-04T02:00:41Z,a12dfe20bcda9301943010682dd87a01ab2662611ca795c4ff1fe6c6,60.16531,24.9442,00000000fdda10fe,27.28
3389,2019-08-04T02:00:41Z,a6ef5803703844038809924894eda35e25c165a826ee9c3f14bc41d7,60.17918,24.95141,00000000675d5200,23.56
3390,2019-08-04T02:00:41Z,a7fa1ce845d9a694e698b84925d3abc96d36ac7f64144eb32348ed03,60.16762,24.95415,000000006b44cce7,31.5
3391,2019-08-04T02:00:41Z,aa1d7752e4be44a55f5bfc8df2f6c278afe69b5b19b79702a22908f8,60.1538,24.95595,0000000038bf9618,31.5
3392,2019-08-04T02:00:41Z,abde1ce60ef19a41508ac1f9661c3dec611550421c09cc568ced193f,60.17002,24.94407,000000006b087f40,14.89
3393,2019-08-04T02:00:41Z,b38900c896751899e1c20c791610870bbbde7839746846d07481e0c7,60.16829,24.94214,00000000afef4555,14.89
3394,2019-08-04T02:00:41Z,bc07df8cc395f6f4f5d483b2233caca5f93a6918f346e4cc3702f8cc,60.16531,24.9442,00000000fdda10fe,10.78
3395,2019-08-04T02:00:41Z,c0a0ca3433586ed2ae0e448f2406fabac7292ac79d49562e0bd5cef8,60.16762,24.95415,000000006b44cce7,25.36
3396,2019-08-04T02:00:41Z,c9ce14e0dbf0cf3c24f6a92a1930fa32de9a1de0ffe63082ccddb0d6,60.16448,24.97323,0000000053c6c2be,23.56
3397,2019-08-04T02:00:41Z,d00f32677e342c7dcb88c9fa30272e08ec9a4f49d8006dffbf598a03,60.16762,24.95415,000000006b44cce7,20.28
3398,2019-08-04T02:00:41Z,d6ad6fb5be8355cc1f877358ec4f09a2ba3df7c177e331113ef376a1,60.16829,24.94214,00000000afef4555,18.79
3399,2019-08-04T02:00:41Z,e1bc48d02d172fa89085656433b35028a10ff453a3261a2634984559,60.149,24.9843,00000000fffb8cf0,14.89
3400,2019-08-04T02:00:41Z,e1e00fae215a6677d1d65cb8e50df60f5185673a84411569c2ae2cf0,60.16762,24.95415,000000006b44cce7,29.32
3401,2019-08-04T02:00:41Z,e30c8d515f787275f7e911287d598f569fcfc5092a203f4c001d0dc6,60.16762,24.95415,000000006b44cce7,25.36
3402,2019-08-04T02:00:41Z,e522f5ea0e78869628ae6c0eeb1d11f2751b751d753bb2cf8e0c1587,60.17002,24.94407,000000006b087f40,29.32
3403,2019-08-04T02:00:41Z,e7baeb3fa75db84982c28c08efcf29a123618b687c634aae2f7a2b1a,60.16531,24.9442,00000000fdda10fe,25.36
3404,2019-08-04T02:00:41Z,f39586246b349fd26e26b06bfdbf9149d03895270dfe4268dd7a6848,60.1538,24.95595,0000000038bf9618,36.27
3405,2019-08-04T02:00:41Z,f8273595f5e5729d41d9da6b8dd60a5b3bd34f343f1ffe267c18d619,60.16762,24.95415,000000006b44cce7,20.28
3406,2019-08-04T02:00:42Z,14c7e1511b70f4dd3359cbece1377aebb4d70531f5489eefe53d7c3c,60.16544,24.95398,0000000038d83d41,23.56
3407,2019-08-04T02:00:42Z,165ebbb4090d47319ae370f0d0854fdc1f6b79499f8b2e4d3c3533c0,60.16544,24.95398,0000000038d83d41,27.28
3408,2019-08-04T02:00:42Z,297c725b456ef12d2712634b21546721cbe93224d3a5762d897404f2,60.16762,24.95415,000000006b44cce7,17.4
3409,2019-08-04T02:00:42Z,3944bc7a301be7241d1f7bc4a97f221000d535ce3d8a9af9af9b23b5,60.16531,24.9442,00000000fdda10fe,33.81
3410,2019-08-04T02:00:42Z,43b676ed3aef4c2d8846694817e76117873be52e7f788e0cb366c1c4,60.16629,24.95957,00000000fb7600be,27.28
3411,2019-08-04T02:00:42Z,43ea43e1aaac8d6d523965f79fd32aa5e5942a98e66e9b6dbaf67f8d,60.16897,24.95222,00000000aa852af1,18.79
3412,2019-08-04T02:00:42Z,5bbb5184fded3e51bc78e45e39917794285e6bbc72da404802a9599a,60.16531,24.9442,00000000fdda10fe,18.79
3413,2019-08-04T02:00:42Z,5c833bdbbf1fd3a307bb37daa4021d8b3d3342b1552dcc0989fe9b16,60.16762,24.95415,000000006b44cce7,9.92
3414,2019-08-04T02:00:42Z,5d65719c4cbf045f068d084b72302f447d5fd034413d97d13be00d0e,60.18203,24.91341,00000000342570c2,18.79
3415,2019-08-04T02:00:42Z,6066632ddc94b5c482a2d4f45ed2532e55e3fd63e414a084a596a737,60.16762,24.95415,000000006b44cce7,21.87
3416,2019-08-04T02:00:42Z,66dabd3229229330d23c70e9e1737429ddfe69db01f4a6a00f70fa20,60.16762,24.95415,000000006b44cce7,20.28
3417,2019-08-04T02:00:42Z,6a70e2fbced719333e21eff04fcb9cb36bae9a04d1a3d6ddd96f2c58,60.15432,24.9211,0000000019fb59c4,20.28
3418,2019-08-04T02:00:42Z,6ff437688c444238352c28f64f9d2a7d0f14d19c9ea42c225380501e,60.16762,24.95415,000000006b44cce7,21.87
3419,2019-08-04T02:00:42Z,747f2d1ebff218c0ebbdc0fdaef4cbe56633dfb46ae1b1f8c8142201,60.16762,24.95415,000000006b44cce7,12.69
3420,2019-08-04T02:00:42Z,79f136afa0dd8717337c01c70b457c464aaf0fa25b440f51a394ec23,60.16762,24.95415,000000006b44cce7,11.7
3421,2019-08-04T02:00:42Z,7de75f59d3110cdf6e742fba9785ed0399f83ea50e4c5d255adb21ff,60.16897,24.95222,00000000aa852af1,21.87
3422,2019-08-04T02:00:42Z,87dfaad29a9276ddddb1fa021d3bc23ad14824c1af16f7d87e713689,60.14951,24.92138,0000000006dd41f6,9.92
3423,2019-08-04T02:00:42Z,89982a6acf91b79a282a6b63978e946ee205f303fcd20e944e06baf0,60.16544,24.95398,0000000038d83d41,20.28
3424,2019-08-04T02:00:42Z,8c75c3289c84fe4493e1e272a77b615fe1985880c5dc68a7c1a17b53,60.16762,24.95415,000000006b44cce7,16.1
3425,2019-08-04T02:00:42Z,9041c42fbb1cf987ee209454d6f5fab418a20e06fd7625460be30fa6,60.16531,24.9442,00000000fdda10fe,44.58
3426,2019-08-04T02:00:42Z,91d3b80de4439a4a49ddb8a04d72a0a2ec6c08f351d70232842af567,60.16762,24.95415,000000006b44cce7,23.56
3427,2019-08-04T02:00:42Z,96c0705b3062754c4e9afc471e280530de69c8820bac642f30d4022b,60.16762,24.95415,000000006b44cce7,18.79
3428,2019-08-04T02:00:42Z,a28ab699dc505d3a0c490fae63a8ebb958574e13f1f64250d91db769,60.16762,24.95415,000000006b44cce7,29.32
3429,2019-08-04T02:00:42Z,a3b4b2c08d30b2cbabe32fd49bcbb4f45f50a3f0b0e74f856bedb831,60.16762,24.95415,000000006b44cce7,14.89
3430,2019-08-04T02:00:42Z,a91d379a4b57c5df22db0d7a041ff69f657b4b31f28554b1011fc03c,60.16544,24.95398,0000000038d83d41,29.32
3431,2019-08-04T02:00:42Z,b33ae7715d6d2571066655c2c8954a5a364b5601869047de83410d9f,60.16629,24.95957,00000000fb7600be,20.28
3432,2019-08-04T02:00:42Z,b5fd6b317890e5ab2d79e2cd1abe61626d45a753c7337d0d40728898,60.16762,24.95415,000000006b44cce7,13.75
3433,2019-08-04T02:00:42Z,c40c37def6bf11a63a2556519a7c6233fd417cdeea2cf14f28e7c42c,60.16531,24.9442,00000000fdda10fe,25.36
3434,2019-08-04T02:00:42Z,c9cb2b9de2b21abecad29584393bea94a97f282f234f310e2468d7a7,60.16075,24.95883,00000000f1124bca,23.56
3435,2019-08-04T02:00:42Z,cf05623e4d87ce0906c0b0b7dbf53aacc1228016cd27c341228b6e76,60.18203,24.91341,00000000342570c2,18.79
3436,2019-08-04T02:00:42Z,d0bb9fef9a0ef26adcdd4732c9c20361bce49826f32c2892242831b8,60.16762,24.95415,000000006b44cce7,20.28
3437,2019-08-04T02:00:42Z,f088630d7476dae7d4b7e2bb1f10575f2c89acb4b6e061f3d57c2b40,60.16531,24.9442,00000000fdda10fe,29.32
3438,2019-08-04T02:00:42Z,f6609ab1076b1105bb845595a03b41b8fbb282f79c337df5bbc9f841,60.14699,24.922,00000000a53ed894,13.75
3439,2019-08-04T02:00:42Z,fc4f3a44235f1cfc7b53f14ba2da599976a5a0a220d23b852688e485,60.17918,24.95141,00000000675d5200,38.87
3440,2019-08-04T02:00:42Z,032a59647297ad5458cd75a64c6405172cebb8eb2f33b7ab5ce92c4b,60.17918,24.95141,00000000675d5200,31.5
3441,2019-08-04T02:00:42Z,11acd771bb0e2f3b2f3e08a7f5e80f0f44e73a715bff0585bc669672,60.17002,24.94407,000000006b087f40,29.32
3442,2019-08-04T02:00:42Z,124a6ddd121114d11fcde48234ff0b8931d0f3fba2b00efd0948255c,60.16897,24.95222,00000000aa852af1,8.38
3443,2019-08-04T02:00:42Z,137a95acb1432cb5b163aa6e55df6f8d03cfd04b24a6938e6e4d659d,60.16762,24.95415,000000006b44cce7,1.54
3444,2019-08-04T02:00:42Z,16d658201a024bf88376687063f50b0d3e27086374e15780e514e09e,60.16829,24.94214,00000000afef4555,33.81
3445,2019-08-04T02:00:42Z,1780f64a77699d00e2128b929079dfa4cbc3724f901639c7ca5049f1,60.16629,24.95957,00000000fb7600be,16.1
3446,2019-08-04T02:00:42Z,201bf4fc7952b70f96689a812948e3ad6bc7074c06604d4a1afa0b8e,60.17002,24.94407,000000006b087f40,31.5
3447,2019-08-04T02:00:42Z,26166cf5b9b16d54fc1561e096e46512a7b60243de6b9acdf28d33b1,60.16829,24.94214,00000000afef4555,23.56
3448,2019-08-04T02:00:42Z,2696f6a462520c8284659d993a9bf0545c2b2f278e1538f7f60dd1d3,60.17002,24.94407,000000006b087f40,7.05
3449,2019-08-04T02:00:42Z,2acdcfed6579c3f9a1683b1f56e28b2b7b75403200b054e6edd09fe7,60.1538,24.95595,0000000038bf9618,31.5
3450,2019-08-04T02:00:42Z,30fa308b62f0b2690eb8de9a8dcd711bb02917322258ed95a7c50362,60.17002,24.94407,000000006b087f40,21.87
3451,2019-08-04T02:00:42Z,339f6a365c38070f7de8fbf2f831e126f72a0f5d109d5be30735cb7e,60.16897,24.95222,00000000aa852af1,25.36
3452,2019-08-04T02:00:42Z,3846b2c6d16e1148505ccccee3bd759ac2f11b875ed06eb3e03b51f1,60.17002,24.94407,000000006b087f40,31.5
3453,2019-08-04T02:00:42Z,45f3f37f5104c27fc21a7db518e7a7f57b68709f23f02b5efa540f7a,60.14947,24.91438,000000004ef3150d,13.75
3454,2019-08-04T02:00:42Z,584cb0b0cdd14e608c8b57c8aecc9826f9b40027e365e2438a444ea2,60.16762,24.95415,000000006b44cce7,10.78
3455,2019-08-04T02:00:42Z,5a089a2b4bb3f5a34f57f2dcafd1462570fa59744c22e9b00735e8c6,60.1538,24.95595,0000000038bf9618,27.28
3456,2019-08-04T02:00:42Z,6ff48066dbbd91fad556cf8d4584f5f79f7961521855734e82e4c187,60.16762,24.95415,000000006b44cce7,7.05
3457,2019-08-04T02:00:42Z,766fa923652ba92f13ab23349bce568d0b33dbf0ccdf7606e5e633ec,60.16531,24.9442,00000000fdda10fe,7.05
3458,2019-08-04T02:00:42Z,7af0c77f50a36fde55c6116ce6fc95063a67a5db61e827b85739d62d,60.16762,24.95415,000000006b44cce7,14.89
3459,2019-08-04T02:00:42Z,7b91d732042030189a304f65807ba95cf9e2445e16fd7666747e7e56,60.1538,24.95595,0000000038bf9618,16.1
3460,2019-08-04T02:00:42Z,7bafc9b6f74b521018b3c6eb85088f47050dae502879caa96dcb94a6,60.1538,24.95595,0000000038bf9618,9.12
3461,2019-08-04T02:00:42Z,8839be224a62c0ebfd04c2a31407afbbf531a4f27231aeda6f3222b4,60.17002,24.94407,000000006b087f40,20.28
3462,2019-08-04T02:00:42Z,8e7c2f7966c3527e6bc8f358d74a087474c6985f4d5dfc4546693416,60.16829,24.94214,00000000afef4555,12.69
3463,2019-08-04T02:00:42Z,9173442e2f747f902896659a35f9782497dbe91c8c5c8e5b2c712fba,60.16897,24.95222,00000000aa852af1,9.12
3464,2019-08-04T02:00:42Z,94fb0519469907d303095ced8eea82b15282bbaf6df970a9d4025cb2,60.17002,24.94407,000000006b087f40,27.28
3465,2019-08-04T02:00:42Z,9885232e95a8b6b4437174be089c6af71b1fe0bddfea879d306b3041,60.17002,24.94407,000000006b087f40,18.79
3466,2019-08-04T02:00:42Z,9aa6011401452463ec819f07785394855c0b49c418b8e19d5fc768df,60.1538,24.95595,0000000038bf9618,23.56
3467,2019-08-04T02:00:42Z,a6ef5803703844038809924894eda35e25c165a826ee9c3f14bc41d7,60.17918,24.95141,00000000675d5200,7.05
3468,2019-08-04T02:00:42Z,aa1d7752e4be44a55f5bfc8df2f6c278afe69b5b19b79702a22908f8,60.1538,24.95595,0000000038bf9618,25.36
3469,2019-08-04T02:00:42Z,abde1ce60ef19a41508ac1f9661c3dec611550421c09cc568ced193f,60.17002,24.94407,000000006b087f40,16.1
3470,2019-08-04T02:00:42Z,b38900c896751899e1c20c791610870bbbde7839746846d07481e0c7,60.16829,24.94214,00000000afef4555,23.56
3471,2019-08-04T02:00:42Z,bc07df8cc395f6f4f5d483b2233caca5f93a6918f346e4cc3702f8cc,60.16531,24.9442,00000000fdda10fe,9.92
3472,2019-08-04T02:00:42Z,c0a0ca3433586ed2ae0e448f2406fabac7292ac79d49562e0bd5cef8,60.16762,24.95415,000000006b44cce7,12.69
3473,2019-08-04T02:00:42Z,d00f32677e342c7dcb88c9fa30272e08ec9a4f49d8006dffbf598a03,60.16762,24.95415,000000006b44cce7,18.79
3474,2019-08-04T02:00:42Z,d6ad6fb5be8355cc1f877358ec4f09a2ba3df7c177e331113ef376a1,60.16829,24.94214,00000000afef4555,29.32
3475,2019-08-04T02:00:42Z,e1bc48d02d172fa89085656433b35028a10ff453a3261a2634984559,60.149,24.9843,00000000fffb8cf0,14.89
3476,2019-08-04T02:00:42Z,e30c8d515f787275f7e911287d598f569fcfc5092a203f4c001d0dc6,60.16762,24.95415,000000006b44cce7,18.79
3477,2019-08-04T02:00:42Z,e66dee158121004b2a8098c673bc0d10944147d07f5f738cb9dd32be,60.16829,24.94214,00000000afef4555,25.36
3478,2019-08-04T02:00:42Z,ecd3f6878f10e201456713c185926a3d85ae8b5eb2484b73f155ec5a,60.16531,24.9442,00000000fdda10fe,9.92
3479,2019-08-04T02:00:42Z,ed3b2eaece7e8846b296ad5c3f195aafb7410c95a88887d845982981,60.16762,24.95415,000000006b44cce7,18.79
3480,2019-08-04T02:00:42Z,f39586246b349fd26e26b06bfdbf9149d03895270dfe4268dd7a6848,60.1538,24.95595,0000000038bf9618,20.28
3481,2019-08-04T02:00:42Z,f8273595f5e5729d41d9da6b8dd60a5b3bd34f343f1ffe267c18d619,60.16762,24.95415,000000006b44cce7,7.05
3482,2019-08-04T02:00:42Z,f9399339c3de44774896319d3f291771cebcaf2666df1d6062469882,60.16531,24.9442,00000000fdda10fe,33.81
3483,2019-08-04T02:00:43Z,14c7e1511b70f4dd3359cbece1377aebb4d70531f5489eefe53d7c3c,60.16544,24.95398,0000000038d83d41,25.36
3484,2019-08-04T02:00:43Z,297c725b456ef12d2712634b21546721cbe93224d3a5762d897404f2,60.16762,24.95415,000000006b44cce7,10.78
3485,2019-08-04T02:00:43Z,3944bc7a301be7241d1f7bc4a97f221000d535ce3d8a9af9af9b23b5,60.16531,24.9442,00000000fdda10fe,31.5
3486,2019-08-04T02:00:43Z,43b676ed3aef4c2d8846694817e76117873be52e7f788e0cb366c1c4,60.16629,24.95957,00000000fb7600be,23.56
3487,2019-08-04T02:00:43Z,43ea43e1aaac8d6d523965f79fd32aa5e5942a98e66e9b6dbaf67f8d,60.16897,24.95222,00000000aa852af1,11.7
3488,2019-08-04T02:00:43Z,5bbb5184fded3e51bc78e45e39917794285e6bbc72da404802a9599a,60.16531,24.9442,00000000fdda10fe,38.87
3489,2019-08-04T02:00:43Z,5c833bdbbf1fd3a307bb37daa4021d8b3d3342b1552dcc0989fe9b16,60.16762,24.95415,000000006b44cce7,9.92
3490,2019-08-04T02:00:43Z,5d65719c4cbf045f068d084b72302f447d5fd034413d97d13be00d0e,60.18203,24.91341,00000000342570c2,18.79
3491,2019-08-04T02:00:43Z,6066632ddc94b5c482a2d4f45ed2532e55e3fd63e414a084a596a737,60.16762,24.95415,000000006b44cce7,17.4
3492,2019-08-04T02:00:43Z,66dabd3229229330d23c70e9e1737429ddfe69db01f4a6a00f70fa20,60.16762,24.95415,000000006b44cce7,20.28
3493,2019-08-04T02:00:43Z,6a70e2fbced719333e21eff04fcb9cb36bae9a04d1a3d6ddd96f2c58,60.15432,24.9211,0000000019fb59c4,20.28
3494,2019-08-04T02:00:43Z,6f06341f358e61699fe1e55e986dd0554bc8da28b91daf0c5ad99db6,60.16629,24.95957,00000000fb7600be,25.36
3495,2019-08-04T02:00:43Z,747f2d1ebff218c0ebbdc0fdaef4cbe56633dfb46ae1b1f8c8142201,60.16762,24.95415,000000006b44cce7,13.75
3496,2019-08-04T02:00:43Z,79f136afa0dd8717337c01c70b457c464aaf0fa25b440f51a394ec23,60.16762,24.95415,000000006b44cce7,13.75
3497,2019-08-04T02:00:43Z,7de75f59d3110cdf6e742fba9785ed0399f83ea50e4c5d255adb21ff,60.16897,24.95222,00000000aa852af1,20.28
3498,2019-08-04T02:00:43Z,87dfaad29a9276ddddb1fa021d3bc23ad14824c1af16f7d87e713689,60.14951,24.92138,0000000006dd41f6,10.78
3499,2019-08-04T02:00:43Z,89982a6acf91b79a282a6b63978e946ee205f303fcd20e944e06baf0,60.16544,24.95398,0000000038d83d41,21.87
3500,2019-08-04T02:00:43Z,8b0535dd90c15c8fd1b256e7a48369741b0fe9d58f8f05f6e46134b7,60.16544,24.95398,0000000038d83d41,29.32
3501,2019-08-04T02:00:43Z,8c75c3289c84fe4493e1e272a77b615fe1985880c5dc68a7c1a17b53,60.16762,24.95415,000000006b44cce7,11.7
3502,2019-08-04T02:00:43Z,96c0705b3062754c4e9afc471e280530de69c8820bac642f30d4022b,60.16762,24.95415,000000006b44cce7,27.28
3503,2019-08-04T02:00:43Z,a3a21ef15e1883941a7ed2eb6150357ae068aa4b0b6ce6ca0482ea3a,60.1538,24.95595,0000000038bf9618,41.64
3504,2019-08-04T02:00:43Z,a3b4b2c08d30b2cbabe32fd49bcbb4f45f50a3f0b0e74f856bedb831,60.16762,24.95415,000000006b44cce7,21.87
3505,2019-08-04T02:00:43Z,a91d379a4b57c5df22db0d7a041ff69f657b4b31f28554b1011fc03c,60.16544,24.95398,0000000038d83d41,27.28
3506,2019-08-04T02:00:43Z,b5fd6b317890e5ab2d79e2cd1abe61626d45a753c7337d0d40728898,60.16762,24.95415,000000006b44cce7,8.38
3507,2019-08-04T02:00:43Z,c40c37def6bf11a63a2556519a7c6233fd417cdeea2cf14f28e7c42c,60.16531,24.9442,00000000fdda10fe,38.87
3508,2019-08-04T02:00:43Z,c578a1f266f1ac8f40756ab095d6d81719f90b3a1d4c4808f72ce963,60.14951,24.92138,0000000006dd41f6,25.36
3509,2019-08-04T02:00:43Z,c9cb2b9de2b21abecad29584393bea94a97f282f234f310e2468d7a7,60.16075,24.95883,00000000f1124bca,25.36
3510,2019-08-04T02:00:43Z,cf05623e4d87ce0906c0b0b7dbf53aacc1228016cd27c341228b6e76,60.18203,24.91341,00000000342570c2,16.1
3511,2019-08-04T02:00:43Z,f088630d7476dae7d4b7e2bb1f10575f2c89acb4b6e061f3d57c2b40,60.16531,24.9442,00000000fdda10fe,23.56
3512,2019-08-04T02:00:43Z,f31f5bdb4a4c81da52b05c2e91ed700307625920f573cdcf68c91d19,60.16897,24.95222,00000000aa852af1,33.81
3513,2019-08-04T02:00:43Z,f6609ab1076b1105bb845595a03b41b8fbb282f79c337df5bbc9f841,60.14699,24.922,00000000a53ed894,17.4
3514,2019-08-04T02:00:43Z,fc4f3a44235f1cfc7b53f14ba2da599976a5a0a220d23b852688e485,60.17919,24.95181,000000007b5207b6,17.4
3515,2019-08-04T02:00:43Z,032a59647297ad5458cd75a64c6405172cebb8eb2f33b7ab5ce92c4b,60.17918,24.95141,00000000675d5200,29.32
3516,2019-08-04T02:00:43Z,046d88221ec15b64bcac02c9056c3cdd39e2ce29bc8cde90aa2d7ed9,60.16897,24.95222,00000000aa852af1,29.32
3517,2019-08-04T02:00:43Z,0486b4520285f3ca2132b986edabb7c19dfc5708a6c163ff40ed37b9,60.16448,24.97323,0000000053c6c2be,17.4
3518,2019-08-04T02:00:43Z,11acd771bb0e2f3b2f3e08a7f5e80f0f44e73a715bff0585bc669672,60.17002,24.94407,000000006b087f40,23.56
3519,2019-08-04T02:00:43Z,124a6ddd121114d11fcde48234ff0b8931d0f3fba2b00efd0948255c,60.16897,24.95222,00000000aa852af1,11.7
3520,2019-08-04T02:00:43Z,137a95acb1432cb5b163aa6e55df6f8d03cfd04b24a6938e6e4d659d,60.16762,24.95415,000000006b44cce7,1.7
3521,2019-08-04T02:00:43Z,16d658201a024bf88376687063f50b0d3e27086374e15780e514e09e,60.16829,24.94214,00000000afef4555,25.36
3522,2019-08-04T02:00:43Z,1780f64a77699d00e2128b929079dfa4cbc3724f901639c7ca5049f1,60.16629,24.95957,00000000fb7600be,17.4
3523,2019-08-04T02:00:43Z,1dacfb371d75dd4f90f447aac2a00faad98beb4188a6971c19eb2375,60.16629,24.95957,00000000fb7600be,21.87
3524,2019-08-04T02:00:43Z,201bf4fc7952b70f96689a812948e3ad6bc7074c06604d4a1afa0b8e,60.17002,24.94407,000000006b087f40,21.87
3525,2019-08-04T02:00:43Z,30fa308b62f0b2690eb8de9a8dcd711bb02917322258ed95a7c50362,60.17002,24.94407,000000006b087f40,21.87
3526,2019-08-04T02:00:43Z,339f6a365c38070f7de8fbf2f831e126f72a0f5d109d5be30735cb7e,60.16897,24.95222,00000000aa852af1,31.5
3527,2019-08-04T02:00:43Z,406c8df3855d308047a12843434f2fac7dc6a2dba12c20edbdf06606,60.1538,24.95595,0000000038bf9618,4.94
3528,2019-08-04T02:00:43Z,45f3f37f5104c27fc21a7db518e7a7f57b68709f23f02b5efa540f7a,60.14947,24.91438,000000004ef3150d,9.12
3529,2019-08-04T02:00:43Z,4c3b8a7c738751ab5f9248766749e3c897b23514b294f34880eff55a,60.16897,24.95222,00000000aa852af1,27.28
3530,2019-08-04T02:00:43Z,584cb0b0cdd14e608c8b57c8aecc9826f9b40027e365e2438a444ea2,60.16762,24.95415,000000006b44cce7,12.69
3531,2019-08-04T02:00:43Z,5a089a2b4bb3f5a34f57f2dcafd1462570fa59744c22e9b00735e8c6,60.1538,24.95595,0000000038bf9618,16.1
3532,2019-08-04T02:00:43Z,66e7412496e5ad9efd31af7a7f1a88e1fdcd371a60adfe516dd71704,60.16829,24.94214,00000000afef4555,20.28
3533,2019-08-04T02:00:43Z,6ff48066dbbd91fad556cf8d4584f5f79f7961521855734e82e4c187,60.16762,24.95415,000000006b44cce7,3.4
3534,2019-08-04T02:00:43Z,70cc7b0a8e166380ca0fbc55a58d9a59c9de9f05a9f95ebb82482d5a,60.16762,24.95415,000000006b44cce7,12.69
3535,2019-08-04T02:00:43Z,74c1b44c386deb2ce70452e59f35c7dcd008b120582083285c55381d,60.16829,24.94214,00000000afef4555,27.28
3536,2019-08-04T02:00:43Z,74cb545f76f0bfc5498607247e26e814276a11ce91f77208054ecbc5,60.17002,24.94407,000000006b087f40,20.28
3537,2019-08-04T02:00:43Z,766fa923652ba92f13ab23349bce568d0b33dbf0ccdf7606e5e633ec,60.16531,24.9442,00000000fdda10fe,7.05
3538,2019-08-04T02:00:43Z,7af0c77f50a36fde55c6116ce6fc95063a67a5db61e827b85739d62d,60.16762,24.95415,000000006b44cce7,17.4
3539,2019-08-04T02:00:43Z,7b91d732042030189a304f65807ba95cf9e2445e16fd7666747e7e56,60.1538,24.95595,0000000038bf9618,23.56
3540,2019-08-04T02:00:43Z,7bafc9b6f74b521018b3c6eb85088f47050dae502879caa96dcb94a6,60.1538,24.95595,0000000038bf9618,11.7
3541,2019-08-04T02:00:43Z,8b49994992a96e97c5f92629f1aca931941db8b36050ac6b25c3c67f,60.16897,24.95222,00000000aa852af1,23.56
3542,2019-08-04T02:00:43Z,8e7c2f7966c3527e6bc8f358d74a087474c6985f4d5dfc4546693416,60.16829,24.94214,00000000afef4555,18.79
3543,2019-08-04T02:00:43Z,9173442e2f747f902896659a35f9782497dbe91c8c5c8e5b2c712fba,60.16897,24.95222,00000000aa852af1,13.75
3544,2019-08-04T02:00:43Z,94fb0519469907d303095ced8eea82b15282bbaf6df970a9d4025cb2,60.17002,24.94407,000000006b087f40,13.75
3545,2019-08-04T02:00:43Z,9885232e95a8b6b4437174be089c6af71b1fe0bddfea879d306b3041,60.17002,24.94407,000000006b087f40,18.79
3546,2019-08-04T02:00:43Z,9d713c9ce415e473048b45bbb35d6dcdef35cabaca39aa54f2e781a3,60.16531,24.9442,00000000fdda10fe,36.27
3547,2019-08-04T02:00:43Z,a6ef5803703844038809924894eda35e25c165a826ee9c3f14bc41d7,60.17918,24.95141,00000000675d5200,10.78
3548,2019-08-04T02:00:43Z,aa1d7752e4be44a55f5bfc8df2f6c278afe69b5b19b79702a22908f8,60.1538,24.95595,0000000038bf9618,17.4
3549,2019-08-04T02:00:43Z,abde1ce60ef19a41508ac1f9661c3dec611550421c09cc568ced193f,60.17002,24.94407,000000006b087f40,18.79
3550,2019-08-04T02:00:43Z,b38900c896751899e1c20c791610870bbbde7839746846d07481e0c7,60.16829,24.94214,00000000afef4555,18.79
3551,2019-08-04T02:00:43Z,b506a9cd3cec63a7d46738cf85aca5e1af318642251763063cd376d8,60.16762,24.95415,000000006b44cce7,16.1
3552,2019-08-04T02:00:43Z,bc07df8cc395f6f4f5d483b2233caca5f93a6918f346e4cc3702f8cc,60.16531,24.9442,00000000fdda10fe,9.92
3553,2019-08-04T02:00:43Z,c0a0ca3433586ed2ae0e448f2406fabac7292ac79d49562e0bd5cef8,60.16762,24.95415,000000006b44cce7,10.78
3554,2019-08-04T02:00:43Z,d00f32677e342c7dcb88c9fa30272e08ec9a4f49d8006dffbf598a03,60.16762,24.95415,000000006b44cce7,25.36
3555,2019-08-04T02:00:43Z,d6ad6fb5be8355cc1f877358ec4f09a2ba3df7c177e331113ef376a1,60.16829,24.94214,00000000afef4555,14.89
3556,2019-08-04T02:00:43Z,e1bc48d02d172fa89085656433b35028a10ff453a3261a2634984559,60.149,24.9843,00000000fffb8cf0,14.89
3557,2019-08-04T02:00:43Z,e30c8d515f787275f7e911287d598f569fcfc5092a203f4c001d0dc6,60.16762,24.95415,000000006b44cce7,20.28
3558,2019-08-04T02:00:43Z,ecd3f6878f10e201456713c185926a3d85ae8b5eb2484b73f155ec5a,60.16531,24.9442,00000000fdda10fe,9.12
3559,2019-08-04T02:00:43Z,ed3b2eaece7e8846b296ad5c3f195aafb7410c95a88887d845982981,60.16762,24.95415,000000006b44cce7,16.1
3560,2019-08-04T02:00:43Z,f2f62de93f5e3596a61d41a7fe5f0a10b2a73b89597cc33137ff5d2f,60.16829,24.94214,00000000afef4555,29.32
3561,2019-08-04T02:00:43Z,f39586246b349fd26e26b06bfdbf9149d03895270dfe4268dd7a6848,60.1538,24.95595,0000000038bf9618,27.28
3562,2019-08-04T02:00:43Z,f8273595f5e5729d41d9da6b8dd60a5b3bd34f343f1ffe267c18d619,60.16762,24.95415,000000006b44cce7,17.4
3563,2019-08-04T02:00:43Z,f9e28a5bfffbfa5e1f903d0e09d25b9b1f72e0e7217cb6c8ffef7d50,60.16829,24.94214,00000000afef4555,33.81
3564,2019-08-04T02:00:44Z,14c7e1511b70f4dd3359cbece1377aebb4d70531f5489eefe53d7c3c,60.16544,24.95398,0000000038d83d41,23.56
3565,2019-08-04T02:00:44Z,165ebbb4090d47319ae370f0d0854fdc1f6b79499f8b2e4d3c3533c0,60.16544,24.95398,0000000038d83d41,29.32
3566,2019-08-04T02:00:44Z,297c725b456ef12d2712634b21546721cbe93224d3a5762d897404f2,60.16762,24.95415,000000006b44cce7,14.89
3567,2019-08-04T02:00:44Z,3944bc7a301be7241d1f7bc4a97f221000d535ce3d8a9af9af9b23b5,60.16531,24.9442,00000000fdda10fe,31.5
3568,2019-08-04T02:00:44Z,43b676ed3aef4c2d8846694817e76117873be52e7f788e0cb366c1c4,60.16629,24.95957,00000000fb7600be,31.5
3569,2019-08-04T02:00:44Z,43ea43e1aaac8d6d523965f79fd32aa5e5942a98e66e9b6dbaf67f8d,60.16897,24.95222,00000000aa852af1,12.69
3570,2019-08-04T02:00:44Z,5bbb5184fded3e51bc78e45e39917794285e6bbc72da404802a9599a,60.16531,24.9442,00000000fdda10fe,20.28
3571,2019-08-04T02:00:44Z,5c833bdbbf1fd3a307bb37daa4021d8b3d3342b1552dcc0989fe9b16,60.16762,24.95415,000000006b44cce7,9.92
3572,2019-08-04T02:00:44Z,5d65719c4cbf045f068d084b72302f447d5fd034413d97d13be00d0e,60.18203,24.91341,00000000342570c2,18.79
3573,2019-08-04T02:00:44Z,6066632ddc94b5c482a2d4f45ed2532e55e3fd63e414a084a596a737,60.16762,24.95415,000000006b44cce7,18.79
3574,2019-08-04T02:00:44Z,6a70e2fbced719333e21eff04fcb9cb36bae9a04d1a3d6ddd96f2c58,60.15432,24.9211,0000000019fb59c4,20.28
3575,2019-08-04T02:00:44Z,6ff437688c444238352c28f64f9d2a7d0f14d19c9ea42c225380501e,60.16762,24.95415,000000006b44cce7,23.56
3576,2019-08-04T02:00:44Z,747f2d1ebff218c0ebbdc0fdaef4cbe56633dfb46ae1b1f8c8142201,60.16762,24.95415,000000006b44cce7,12.69
3577,2019-08-04T02:00:44Z,79f136afa0dd8717337c01c70b457c464aaf0fa25b440f51a394ec23,60.16762,24.95415,000000006b44cce7,12.69
3578,2019-08-04T02:00:44Z,7de75f59d3110cdf6e742fba9785ed0399f83ea50e4c5d255adb21ff,60.16897,24.95222,00000000aa852af1,25.36
3579,2019-08-04T02:00:44Z,87dfaad29a9276ddddb1fa021d3bc23ad14824c1af16f7d87e713689,60.14951,24.92138,0000000006dd41f6,11.7
3580,2019-08-04T02:00:44Z,89982a6acf91b79a282a6b63978e946ee205f303fcd20e944e06baf0,60.16544,24.95398,0000000038d83d41,18.79
3581,2019-08-04T02:00:44Z,8c75c3289c84fe4493e1e272a77b615fe1985880c5dc68a7c1a17b53,60.16762,24.95415,000000006b44cce7,10.78
3582,2019-08-04T02:00:44Z,91d3b80de4439a4a49ddb8a04d72a0a2ec6c08f351d70232842af567,60.16762,24.95415,000000006b44cce7,21.87
3583,2019-08-04T02:00:44Z,96c0705b3062754c4e9afc471e280530de69c8820bac642f30d4022b,60.16762,24.95415,000000006b44cce7,25.36
3584,2019-08-04T02:00:44Z,a3a21ef15e1883941a7ed2eb6150357ae068aa4b0b6ce6ca0482ea3a,60.1538,24.95595,0000000038bf9618,31.5
3585,2019-08-04T02:00:44Z,a3b4b2c08d30b2cbabe32fd49bcbb4f45f50a3f0b0e74f856bedb831,60.16762,24.95415,000000006b44cce7,9.92
3586,2019-08-04T02:00:44Z,a91d379a4b57c5df22db0d7a041ff69f657b4b31f28554b1011fc03c,60.16544,24.95398,0000000038d83d41,29.32
3587,2019-08-04T02:00:44Z,b5fd6b317890e5ab2d79e2cd1abe61626d45a753c7337d0d40728898,60.16762,24.95415,000000006b44cce7,5.91
3588,2019-08-04T02:00:44Z,c578a1f266f1ac8f40756ab095d6d81719f90b3a1d4c4808f72ce963,60.14951,24.92138,0000000006dd41f6,25.36
3589,2019-08-04T02:00:44Z,c9cb2b9de2b21abecad29584393bea94a97f282f234f310e2468d7a7,60.16075,24.95883,00000000f1124bca,27.28
3590,2019-08-04T02:00:44Z,cf05623e4d87ce0906c0b0b7dbf53aacc1228016cd27c341228b6e76,60.18203,24.91341,00000000342570c2,17.4
3591,2019-08-04T02:00:44Z,f088630d7476dae7d4b7e2bb1f10575f2c89acb4b6e061f3d57c2b40,60.16531,24.9442,00000000fdda10fe,27.28
3592,2019-08-04T02:00:44Z,f6609ab1076b1105bb845595a03b41b8fbb282f79c337df5bbc9f841,60.14699,24.922,00000000a53ed894,11.7
3593,2019-08-04T02:00:44Z,fc4f3a44235f1cfc7b53f14ba2da599976a5a0a220d23b852688e485,60.17919,24.95181,000000007b5207b6,16.1
3594,2019-08-04T02:00:44Z,032a59647297ad5458cd75a64c6405172cebb8eb2f33b7ab5ce92c4b,60.17918,24.95141,00000000675d5200,14.89
3595,2019-08-04T02:00:44Z,046d88221ec15b64bcac02c9056c3cdd39e2ce29bc8cde90aa2d7ed9,60.16897,24.95222,00000000aa852af1,27.28
3596,2019-08-04T02:00:44Z,11acd771bb0e2f3b2f3e08a7f5e80f0f44e73a715bff0585bc669672,60.17002,24.94407,000000006b087f40,29.32
3597,2019-08-04T02:00:44Z,124a6ddd121114d11fcde48234ff0b8931d0f3fba2b00efd0948255c,60.16897,24.95222,00000000aa852af1,13.75
3598,2019-08-04T02:00:44Z,137a95acb1432cb5b163aa6e55df6f8d03cfd04b24a6938e6e4d659d,60.16762,24.95415,000000006b44cce7,2.54
3599,2019-08-04T02:00:44Z,1780f64a77699d00e2128b929079dfa4cbc3724f901639c7ca5049f1,60.16629,24.95957,00000000fb7600be,14.89
3600,2019-08-04T02:00:44Z,1dacfb371d75dd4f90f447aac2a00faad98beb4188a6971c19eb2375,60.16629,24.95957,00000000fb7600be,23.56
3601,2019-08-04T02:00:44Z,201bf4fc7952b70f96689a812948e3ad6bc7074c06604d4a1afa0b8e,60.17002,24.94407,000000006b087f40,23.56
3602,2019-08-04T02:00:44Z,26166cf5b9b16d54fc1561e096e46512a7b60243de6b9acdf28d33b1,60.16829,24.94214,00000000afef4555,21.87
3603,2019-08-04T02:00:44Z,30fa308b62f0b2690eb8de9a8dcd711bb02917322258ed95a7c50362,60.17002,24.94407,000000006b087f40,16.1
3604,2019-08-04T02:00:44Z,3846b2c6d16e1148505ccccee3bd759ac2f11b875ed06eb3e03b51f1,60.17002,24.94407,000000006b087f40,31.5
3605,2019-08-04T02:00:44Z,45f3f37f5104c27fc21a7db518e7a7f57b68709f23f02b5efa540f7a,60.14947,24.91438,000000004ef3150d,9.12
3606,2019-08-04T02:00:44Z,4c3b8a7c738751ab5f9248766749e3c897b23514b294f34880eff55a,60.16897,24.95222,00000000aa852af1,25.36
3607,2019-08-04T02:00:44Z,584cb0b0cdd14e608c8b57c8aecc9826f9b40027e365e2438a444ea2,60.16762,24.95415,000000006b44cce7,12.69
3608,2019-08-04T02:00:44Z,5a089a2b4bb3f5a34f57f2dcafd1462570fa59744c22e9b00735e8c6,60.1538,24.95595,0000000038bf9618,21.87
3609,2019-08-04T02:00:44Z,66e7412496e5ad9efd31af7a7f1a88e1fdcd371a60adfe516dd71704,60.16829,24.94214,00000000afef4555,25.36
3610,2019-08-04T02:00:44Z,6ff48066dbbd91fad556cf8d4584f5f79f7961521855734e82e4c187,60.16762,24.95415,000000006b44cce7,3.09
3611,2019-08-04T02:00:44Z,70cc7b0a8e166380ca0fbc55a58d9a59c9de9f05a9f95ebb82482d5a,60.16762,24.95415,000000006b44cce7,11.7
3612,2019-08-04T02:00:44Z,766fa923652ba92f13ab23349bce568d0b33dbf0ccdf7606e5e633ec,60.16531,24.9442,00000000fdda10fe,9.12
3613,2019-08-04T02:00:44Z,7b91d732042030189a304f65807ba95cf9e2445e16fd7666747e7e56,60.1538,24.95595,0000000038bf9618,12.69
3614,2019-08-04T02:00:44Z,7bafc9b6f74b521018b3c6eb85088f47050dae502879caa96dcb94a6,60.1538,24.95595,0000000038bf9618,17.4
3615,2019-08-04T02:00:44Z,8839be224a62c0ebfd04c2a31407afbbf531a4f27231aeda6f3222b4,60.17002,24.94407,000000006b087f40,25.36
3616,2019-08-04T02:00:44Z,8b49994992a96e97c5f92629f1aca931941db8b36050ac6b25c3c67f,60.16897,24.95222,00000000aa852af1,21.87
3617,2019-08-04T02:00:44Z,8e7c2f7966c3527e6bc8f358d74a087474c6985f4d5dfc4546693416,60.16829,24.94214,00000000afef4555,20.28
3618,2019-08-04T02:00:44Z,9173442e2f747f902896659a35f9782497dbe91c8c5c8e5b2c712fba,60.16897,24.95222,00000000aa852af1,10.78
3619,2019-08-04T02:00:44Z,9313086be16704612615b82b0fb0a2bac8d249cbf373b54d85a5b3f1,60.1538,24.95595,0000000038bf9618,27.28
3620,2019-08-04T02:00:44Z,94fb0519469907d303095ced8eea82b15282bbaf6df970a9d4025cb2,60.17002,24.94407,000000006b087f40,16.1
3621,2019-08-04T02:00:44Z,9aa6011401452463ec819f07785394855c0b49c418b8e19d5fc768df,60.1538,24.95595,0000000038bf9618,25.36
3622,2019-08-04T02:00:44Z,a6ef5803703844038809924894eda35e25c165a826ee9c3f14bc41d7,60.17918,24.95141,00000000675d5200,21.87
3623,2019-08-04T02:00:44Z,aa1d7752e4be44a55f5bfc8df2f6c278afe69b5b19b79702a22908f8,60.1538,24.95595,0000000038bf9618,14.89
3624,2019-08-04T02:00:44Z,abde1ce60ef19a41508ac1f9661c3dec611550421c09cc568ced193f,60.17002,24.94407,000000006b087f40,18.79
3625,2019-08-04T02:00:44Z,b38900c896751899e1c20c791610870bbbde7839746846d07481e0c7,60.16829,24.94214,00000000afef4555,6.46
3626,2019-08-04T02:00:44Z,bc07df8cc395f6f4f5d483b2233caca5f93a6918f346e4cc3702f8cc,60.16531,24.9442,00000000fdda10fe,11.7
3627,2019-08-04T02:00:44Z,c9ce14e0dbf0cf3c24f6a92a1930fa32de9a1de0ffe63082ccddb0d6,60.16448,24.97323,0000000053c6c2be,29.32
3628,2019-08-04T02:00:44Z,d00f32677e342c7dcb88c9fa30272e08ec9a4f49d8006dffbf598a03,60.16762,24.95415,000000006b44cce7,18.79
3629,2019-08-04T02:00:44Z,e1bc48d02d172fa89085656433b35028a10ff453a3261a2634984559,60.149,24.9843,00000000fffb8cf0,16.1
3630,2019-08-04T02:00:44Z,e30c8d515f787275f7e911287d598f569fcfc5092a203f4c001d0dc6,60.16762,24.95415,000000006b44cce7,18.79
3631,2019-08-04T02:00:44Z,e7baeb3fa75db84982c28c08efcf29a123618b687c634aae2f7a2b1a,60.16531,24.9442,00000000fdda10fe,17.4
3632,2019-08-04T02:00:44Z,ecd3f6878f10e201456713c185926a3d85ae8b5eb2484b73f155ec5a,60.16531,24.9442,00000000fdda10fe,7.69
3633,2019-08-04T02:00:44Z,ed3b2eaece7e8846b296ad5c3f195aafb7410c95a88887d845982981,60.16762,24.95415,000000006b44cce7,18.79
3634,2019-08-04T02:00:44Z,f2f62de93f5e3596a61d41a7fe5f0a10b2a73b89597cc33137ff5d2f,60.16829,24.94214,00000000afef4555,31.5
3635,2019-08-04T02:00:44Z,f39586246b349fd26e26b06bfdbf9149d03895270dfe4268dd7a6848,60.1538,24.95595,0000000038bf9618,18.79
3636,2019-08-04T02:00:44Z,f8273595f5e5729d41d9da6b8dd60a5b3bd34f343f1ffe267c18d619,60.16762,24.95415,000000006b44cce7,18.79
3637,2019-08-04T02:00:44Z,f9e28a5bfffbfa5e1f903d0e09d25b9b1f72e0e7217cb6c8ffef7d50,60.16829,24.94214,00000000afef4555,20.28
3638,2019-08-04T02:00:45Z,14c7e1511b70f4dd3359cbece1377aebb4d70531f5489eefe53d7c3c,60.16544,24.95398,0000000038d83d41,23.56
3639,2019-08-04T02:00:45Z,165ebbb4090d47319ae370f0d0854fdc1f6b79499f8b2e4d3c3533c0,60.16544,24.95398,0000000038d83d41,27.28
3640,2019-08-04T02:00:45Z,297c725b456ef12d2712634b21546721cbe93224d3a5762d897404f2,60.16762,24.95415,000000006b44cce7,14.89
3641,2019-08-04T02:00:45Z,3944bc7a301be7241d1f7bc4a97f221000d535ce3d8a9af9af9b23b5,60.16531,24.9442,00000000fdda10fe,33.81
3642,2019-08-04T02:00:45Z,43b676ed3aef4c2d8846694817e76117873be52e7f788e0cb366c1c4,60.16629,24.95957,00000000fb7600be,25.36
3643,2019-08-04T02:00:45Z,43ea43e1aaac8d6d523965f79fd32aa5e5942a98e66e9b6dbaf67f8d,60.16897,24.95222,00000000aa852af1,25.36
3644,2019-08-04T02:00:45Z,5bbb5184fded3e51bc78e45e39917794285e6bbc72da404802a9599a,60.16531,24.9442,00000000fdda10fe,21.87
3645,2019-08-04T02:00:45Z,5c833bdbbf1fd3a307bb37daa4021d8b3d3342b1552dcc0989fe9b16,60.16762,24.95415,000000006b44cce7,9.12
3646,2019-08-04T02:00:45Z,5d65719c4cbf045f068d084b72302f447d5fd034413d97d13be00d0e,60.18203,24.91341,00000000342570c2,17.4
3647,2019-08-04T02:00:45Z,6a70e2fbced719333e21eff04fcb9cb36bae9a04d1a3d6ddd96f2c58,60.15432,24.9211,0000000019fb59c4,29.32
3648,2019-08-04T02:00:45Z,6f06341f358e61699fe1e55e986dd0554bc8da28b91daf0c5ad99db6,60.16629,24.95957,00000000fb7600be,27.28
3649,2019-08-04T02:00:45Z,747f2d1ebff218c0ebbdc0fdaef4cbe56633dfb46ae1b1f8c8142201,60.16762,24.95415,000000006b44cce7,13.75
3650,2019-08-04T02:00:45Z,79f136afa0dd8717337c01c70b457c464aaf0fa25b440f51a394ec23,60.16762,24.95415,000000006b44cce7,25.36
3651,2019-08-04T02:00:45Z,7de75f59d3110cdf6e742fba9785ed0399f83ea50e4c5d255adb21ff,60.16897,24.95222,00000000aa852af1,21.87
3652,2019-08-04T02:00:45Z,87dfaad29a9276ddddb1fa021d3bc23ad14824c1af16f7d87e713689,60.14951,24.92138,0000000006dd41f6,8.38
3653,2019-08-04T02:00:45Z,89982a6acf91b79a282a6b63978e946ee205f303fcd20e944e06baf0,60.16544,24.95398,0000000038d83d41,31.5
3654,2019-08-04T02:00:45Z,8c75c3289c84fe4493e1e272a77b615fe1985880c5dc68a7c1a17b53,60.16762,24.95415,000000006b44cce7,9.92
3655,2019-08-04T02:00:45Z,91d3b80de4439a4a49ddb8a04d72a0a2ec6c08f351d70232842af567,60.16762,24.95415,000000006b44cce7,21.87
3656,2019-08-04T02:00:45Z,96c0705b3062754c4e9afc471e280530de69c8820bac642f30d4022b,60.16762,24.95415,000000006b44cce7,25.36
3657,2019-08-04T02:00:45Z,a3b4b2c08d30b2cbabe32fd49bcbb4f45f50a3f0b0e74f856bedb831,60.16762,24.95415,000000006b44cce7,18.79
3658,2019-08-04T02:00:45Z,a91d379a4b57c5df22db0d7a041ff69f657b4b31f28554b1011fc03c,60.16544,24.95398,0000000038d83d41,21.87
3659,2019-08-04T02:00:45Z,b33ae7715d6d2571066655c2c8954a5a364b5601869047de83410d9f,60.16629,24.95957,00000000fb7600be,20.28
3660,2019-08-04T02:00:45Z,b5fd6b317890e5ab2d79e2cd1abe61626d45a753c7337d0d40728898,60.16762,24.95415,000000006b44cce7,8.38
3661,2019-08-04T02:00:45Z,c40c37def6bf11a63a2556519a7c6233fd417cdeea2cf14f28e7c42c,60.16531,24.9442,00000000fdda10fe,29.32
3662,2019-08-04T02:00:45Z,c9cb2b9de2b21abecad29584393bea94a97f282f234f310e2468d7a7,60.16075,24.95883,00000000f1124bca,27.28
3663,2019-08-04T02:00:45Z,cf05623e4d87ce0906c0b0b7dbf53aacc1228016cd27c341228b6e76,60.18203,24.91341,00000000342570c2,17.4
3664,2019-08-04T02:00:45Z,d0bb9fef9a0ef26adcdd4732c9c20361bce49826f32c2892242831b8,60.16762,24.95415,000000006b44cce7,18.79
3665,2019-08-04T02:00:45Z,d3a7551bf49985224896e28a8242dbfe20c7a5e4642726a7febfce7b,60.17002,24.94407,000000006b087f40,33.81
3666,2019-08-04T02:00:45Z,f088630d7476dae7d4b7e2bb1f10575f2c89acb4b6e061f3d57c2b40,60.16531,24.9442,00000000fdda10fe,27.28
3667,2019-08-04T02:00:45Z,f6609ab1076b1105bb845595a03b41b8fbb282f79c337df5bbc9f841,60.14699,24.922,00000000a53ed894,13.75
3668,2019-08-04T02:00:45Z,fc4f3a44235f1cfc7b53f14ba2da599976a5a0a220d23b852688e485,60.17918,24.95141,00000000675d5200,31.5
3669,2019-08-04T02:00:45Z,032a59647297ad5458cd75a64c6405172cebb8eb2f33b7ab5ce92c4b,60.17918,24.95141,00000000675d5200,17.4
3670,2019-08-04T02:00:45Z,046d88221ec15b64bcac02c9056c3cdd39e2ce29bc8cde90aa2d7ed9,60.16897,24.95222,00000000aa852af1,17.4
3671,2019-08-04T02:00:45Z,11acd771bb0e2f3b2f3e08a7f5e80f0f44e73a715bff0585bc669672,60.17002,24.94407,000000006b087f40,14.89
3672,2019-08-04T02:00:45Z,124a6ddd121114d11fcde48234ff0b8931d0f3fba2b00efd0948255c,60.16897,24.95222,00000000aa852af1,27.28
3673,2019-08-04T02:00:45Z,137a95acb1432cb5b163aa6e55df6f8d03cfd04b24a6938e6e4d659d,60.16762,24.95415,000000006b44cce7,6.46
3674,2019-08-04T02:00:45Z,1780f64a77699d00e2128b929079dfa4cbc3724f901639c7ca5049f1,60.16629,24.95957,00000000fb7600be,16.1
3675,2019-08-04T02:00:45Z,1dacfb371d75dd4f90f447aac2a00faad98beb4188a6971c19eb2375,60.16629,24.95957,00000000fb7600be,23.56
3676,2019-08-04T02:00:45Z,2acdcfed6579c3f9a1683b1f56e28b2b7b75403200b054e6edd09fe7,60.1538,24.95595,0000000038bf9618,23.56
3677,2019-08-04T02:00:45Z,30fa308b62f0b2690eb8de9a8dcd711bb02917322258ed95a7c50362,60.17002,24.94407,000000006b087f40,17.4
3678,2019-08-04T02:00:45Z,406c8df3855d308047a12843434f2fac7dc6a2dba12c20edbdf06606,60.1538,24.95595,0000000038bf9618,4.5
3679,2019-08-04T02:00:45Z,45f3f37f5104c27fc21a7db518e7a7f57b68709f23f02b5efa540f7a,60.14947,24.91438,000000004ef3150d,9.12
3680,2019-08-04T02:00:45Z,584cb0b0cdd14e608c8b57c8aecc9826f9b40027e365e2438a444ea2,60.16762,24.95415,000000006b44cce7,18.79
3681,2019-08-04T02:00:45Z,5a089a2b4bb3f5a34f57f2dcafd1462570fa59744c22e9b00735e8c6,60.1538,24.95595,0000000038bf9618,16.1
3682,2019-08-04T02:00:45Z,66e7412496e5ad9efd31af7a7f1a88e1fdcd371a60adfe516dd71704,60.16829,24.94214,00000000afef4555,25.36
3683,2019-08-04T02:00:45Z,699b48bb93c5befb62ff0686e75f158406b659f14daec16ab66d4499,60.15432,24.9211,0000000019fb59c4,31.5
3684,2019-08-04T02:00:45Z,6ff48066dbbd91fad556cf8d4584f5f79f7961521855734e82e4c187,60.16762,24.95415,000000006b44cce7,3.4
3685,2019-08-04T02:00:45Z,70cc7b0a8e166380ca0fbc55a58d9a59c9de9f05a9f95ebb82482d5a,60.16762,24.95415,000000006b44cce7,12.69
3686,2019-08-04T02:00:45Z,74cb545f76f0bfc5498607247e26e814276a11ce91f77208054ecbc5,60.17002,24.94407,000000006b087f40,23.56
3687,2019-08-04T02:00:45Z,766fa923652ba92f13ab23349bce568d0b33dbf0ccdf7606e5e633ec,60.16531,24.9442,00000000fdda10fe,33.81
3688,2019-08-04T02:00:45Z,7af0c77f50a36fde55c6116ce6fc95063a67a5db61e827b85739d62d,60.16762,24.95415,000000006b44cce7,14.89
3689,2019-08-04T02:00:45Z,7b91d732042030189a304f65807ba95cf9e2445e16fd7666747e7e56,60.1538,24.95595,0000000038bf9618,20.28
3690,2019-08-04T02:00:45Z,7bafc9b6f74b521018b3c6eb85088f47050dae502879caa96dcb94a6,60.1538,24.95595,0000000038bf9618,10.78
3691,2019-08-04T02:00:45Z,8b49994992a96e97c5f92629f1aca931941db8b36050ac6b25c3c67f,60.16897,24.95222,00000000aa852af1,13.75
3692,2019-08-04T02:00:45Z,8e7c2f7966c3527e6bc8f358d74a087474c6985f4d5dfc4546693416,60.16829,24.94214,00000000afef4555,20.28
3693,2019-08-04T02:00:45Z,9173442e2f747f902896659a35f9782497dbe91c8c5c8e5b2c712fba,60.16897,24.95222,00000000aa852af1,9.92
3694,2019-08-04T02:00:45Z,9313086be16704612615b82b0fb0a2bac8d249cbf373b54d85a5b3f1,60.1538,24.95595,0000000038bf9618,21.87
3695,2019-08-04T02:00:45Z,9885232e95a8b6b4437174be089c6af71b1fe0bddfea879d306b3041,60.17002,24.94407,000000006b087f40,14.89
3696,2019-08-04T02:00:45Z,a6ef5803703844038809924894eda35e25c165a826ee9c3f14bc41d7,60.17918,24.95141,00000000675d5200,9.92
3697,2019-08-04T02:00:45Z,aa1d7752e4be44a55f5bfc8df2f6c278afe69b5b19b79702a22908f8,60.1538,24.95595,0000000038bf9618,17.4
3698,2019-08-04T02:00:45Z,abde1ce60ef19a41508ac1f9661c3dec611550421c09cc568ced193f,60.17002,24.94407,000000006b087f40,13.75
3699,2019-08-04T02:00:45Z,b38900c896751899e1c20c791610870bbbde7839746846d07481e0c7,60.16829,24.94214,00000000afef4555,17.4
3700,2019-08-04T02:00:45Z,bc07df8cc395f6f4f5d483b2233caca5f93a6918f346e4cc3702f8cc,60.16531,24.9442,00000000fdda10fe,10.78
3701,2019-08-04T02:00:45Z,c0a0ca3433586ed2ae0e448f2406fabac7292ac79d49562e0bd5cef8,60.16762,24.95415,000000006b44cce7,11.7
3702,2019-08-04T02:00:45Z,c9ce14e0dbf0cf3c24f6a92a1930fa32de9a1de0ffe63082ccddb0d6,60.16448,24.97323,0000000053c6c2be,25.36
3703,2019-08-04T02:00:45Z,d00f32677e342c7dcb88c9fa30272e08ec9a4f49d8006dffbf598a03,60.16762,24.95415,000000006b44cce7,17.4
3704,2019-08-04T02:00:45Z,e1bc48d02d172fa89085656433b35028a10ff453a3261a2634984559,60.149,24.9843,00000000fffb8cf0,29.32
3705,2019-08-04T02:00:45Z,e1e00fae215a6677d1d65cb8e50df60f5185673a84411569c2ae2cf0,60.16762,24.95415,000000006b44cce7,21.87
3706,2019-08-04T02:00:45Z,e30c8d515f787275f7e911287d598f569fcfc5092a203f4c001d0dc6,60.16762,24.95415,000000006b44cce7,21.87
3707,2019-08-04T02:00:45Z,e5b564cf327f7db10f48bff6a13bbcb59e968da0f12c91756dfdfc09,60.16762,24.95415,000000006b44cce7,23.56
3708,2019-08-04T02:00:45Z,e66dee158121004b2a8098c673bc0d10944147d07f5f738cb9dd32be,60.16829,24.94214,00000000afef4555,25.36
3709,2019-08-04T02:00:45Z,ecd3f6878f10e201456713c185926a3d85ae8b5eb2484b73f155ec5a,60.16531,24.9442,00000000fdda10fe,9.92
3710,2019-08-04T02:00:45Z,ed3b2eaece7e8846b296ad5c3f195aafb7410c95a88887d845982981,60.16762,24.95415,000000006b44cce7,20.28
3711,2019-08-04T02:00:45Z,f2f62de93f5e3596a61d41a7fe5f0a10b2a73b89597cc33137ff5d2f,60.16829,24.94214,00000000afef4555,21.87
3712,2019-08-04T02:00:45Z,f39586246b349fd26e26b06bfdbf9149d03895270dfe4268dd7a6848,60.1538,24.95595,0000000038bf9618,25.36
3713,2019-08-04T02:00:45Z,f8273595f5e5729d41d9da6b8dd60a5b3bd34f343f1ffe267c18d619,60.16762,24.95415,000000006b44cce7,10.78
3714,2019-08-04T02:00:45Z,f9399339c3de44774896319d3f291771cebcaf2666df1d6062469882,60.16531,24.9442,00000000fdda10fe,31.5
3715,2019-08-04T02:00:46Z,14c7e1511b70f4dd3359cbece1377aebb4d70531f5489eefe53d7c3c,60.16544,24.95398,0000000038d83d41,23.56
3716,2019-08-04T02:00:46Z,165ebbb4090d47319ae370f0d0854fdc1f6b79499f8b2e4d3c3533c0,60.16544,24.95398,0000000038d83d41,23.56
3717,2019-08-04T02:00:46Z,297c725b456ef12d2712634b21546721cbe93224d3a5762d897404f2,60.16762,24.95415,000000006b44cce7,9.92
3718,2019-08-04T02:00:46Z,3944bc7a301be7241d1f7bc4a97f221000d535ce3d8a9af9af9b23b5,60.16531,24.9442,00000000fdda10fe,31.5
3719,2019-08-04T02:00:46Z,43b676ed3aef4c2d8846694817e76117873be52e7f788e0cb366c1c4,60.16629,24.95957,00000000fb7600be,27.28
3720,2019-08-04T02:00:46Z,43ea43e1aaac8d6d523965f79fd32aa5e5942a98e66e9b6dbaf67f8d,60.16897,24.95222,00000000aa852af1,13.75
3721,2019-08-04T02:00:46Z,5bbb5184fded3e51bc78e45e39917794285e6bbc72da404802a9599a,60.16531,24.9442,00000000fdda10fe,23.56
3722,2019-08-04T02:00:46Z,5c833bdbbf1fd3a307bb37daa4021d8b3d3342b1552dcc0989fe9b16,60.16762,24.95415,000000006b44cce7,10.78
3723,2019-08-04T02:00:46Z,5d65719c4cbf045f068d084b72302f447d5fd034413d97d13be00d0e,60.18203,24.91341,00000000342570c2,20.28
3724,2019-08-04T02:00:46Z,6066632ddc94b5c482a2d4f45ed2532e55e3fd63e414a084a596a737,60.16762,24.95415,000000006b44cce7,18.79
3725,2019-08-04T02:00:46Z,66dabd3229229330d23c70e9e1737429ddfe69db01f4a6a00f70fa20,60.16762,24.95415,000000006b44cce7,21.87
3726,2019-08-04T02:00:46Z,6a70e2fbced719333e21eff04fcb9cb36bae9a04d1a3d6ddd96f2c58,60.15432,24.9211,0000000019fb59c4,21.87
3727,2019-08-04T02:00:46Z,6ff437688c444238352c28f64f9d2a7d0f14d19c9ea42c225380501e,60.16762,24.95415,000000006b44cce7,20.28
3728,2019-08-04T02:00:46Z,747f2d1ebff218c0ebbdc0fdaef4cbe56633dfb46ae1b1f8c8142201,60.16762,24.95415,000000006b44cce7,11.7
3729,2019-08-04T02:00:46Z,79f136afa0dd8717337c01c70b457c464aaf0fa25b440f51a394ec23,60.16762,24.95415,000000006b44cce7,11.7
3730,2019-08-04T02:00:46Z,7de75f59d3110cdf6e742fba9785ed0399f83ea50e4c5d255adb21ff,60.16897,24.95222,00000000aa852af1,23.56
3731,2019-08-04T02:00:46Z,7e0d3e70e42ae3b88d2440369011c2e531e9bb6a530a855127b4d2dc,60.16762,24.95415,000000006b44cce7,31.5
3732,2019-08-04T02:00:46Z,87dfaad29a9276ddddb1fa021d3bc23ad14824c1af16f7d87e713689,60.14951,24.92138,0000000006dd41f6,8.38
3733,2019-08-04T02:00:46Z,89982a6acf91b79a282a6b63978e946ee205f303fcd20e944e06baf0,60.16544,24.95398,0000000038d83d41,20.28
3734,2019-08-04T02:00:46Z,8c75c3289c84fe4493e1e272a77b615fe1985880c5dc68a7c1a17b53,60.16762,24.95415,000000006b44cce7,10.78
3735,2019-08-04T02:00:46Z,91d3b80de4439a4a49ddb8a04d72a0a2ec6c08f351d70232842af567,60.16762,24.95415,000000006b44cce7,21.87
3736,2019-08-04T02:00:46Z,96c0705b3062754c4e9afc471e280530de69c8820bac642f30d4022b,60.16762,24.95415,000000006b44cce7,23.56
3737,2019-08-04T02:00:46Z,a3a21ef15e1883941a7ed2eb6150357ae068aa4b0b6ce6ca0482ea3a,60.1538,24.95595,0000000038bf9618,33.81
3738,2019-08-04T02:00:46Z,a3b4b2c08d30b2cbabe32fd49bcbb4f45f50a3f0b0e74f856bedb831,60.16762,24.95415,000000006b44cce7,12.69
3739,2019-08-04T02:00:46Z,a91d379a4b57c5df22db0d7a041ff69f657b4b31f28554b1011fc03c,60.16544,24.95398,0000000038d83d41,29.32
3740,2019-08-04T02:00:46Z,b33ae7715d6d2571066655c2c8954a5a364b5601869047de83410d9f,60.16629,24.95957,00000000fb7600be,21.87
3741,2019-08-04T02:00:46Z,b5fd6b317890e5ab2d79e2cd1abe61626d45a753c7337d0d40728898,60.16762,24.95415,000000006b44cce7,6.46
3742,2019-08-04T02:00:46Z,c578a1f266f1ac8f40756ab095d6d81719f90b3a1d4c4808f72ce963,60.14951,24.92138,0000000006dd41f6,27.28
3743,2019-08-04T02:00:46Z,c9cb2b9de2b21abecad29584393bea94a97f282f234f310e2468d7a7,60.16075,24.95883,00000000f1124bca,31.5
3744,2019-08-04T02:00:46Z,cf05623e4d87ce0906c0b0b7dbf53aacc1228016cd27c341228b6e76,60.18203,24.91341,00000000342570c2,17.4
3745,2019-08-04T02:00:46Z,d0bb9fef9a0ef26adcdd4732c9c20361bce49826f32c2892242831b8,60.16762,24.95415,000000006b44cce7,31.5
3746,2019-08-04T02:00:46Z,f088630d7476dae7d4b7e2bb1f10575f2c89acb4b6e061f3d57c2b40,60.16531,24.9442,00000000fdda10fe,25.36
3747,2019-08-04T02:00:46Z,f6609ab1076b1105bb845595a03b41b8fbb282f79c337df5bbc9f841,60.14699,24.922,00000000a53ed894,11.7
3748,2019-08-04T02:00:46Z,fc4f3a44235f1cfc7b53f14ba2da599976a5a0a220d23b852688e485,60.17918,24.95141,00000000675d5200,33.81
3749,2019-08-04T02:00:46Z,032a59647297ad5458cd75a64c6405172cebb8eb2f33b7ab5ce92c4b,60.17918,24.95141,00000000675d5200,16.1
3750,2019-08-04T02:00:46Z,046d88221ec15b64bcac02c9056c3cdd39e2ce29bc8cde90aa2d7ed9,60.16897,24.95222,00000000aa852af1,21.87
3751,2019-08-04T02:00:46Z,0486b4520285f3ca2132b986edabb7c19dfc5708a6c163ff40ed37b9,60.16448,24.97323,0000000053c6c2be,16.1
3752,2019-08-04T02:00:46Z,11acd771bb0e2f3b2f3e08a7f5e80f0f44e73a715bff0585bc669672,60.17002,24.94407,000000006b087f40,27.28
3753,2019-08-04T02:00:46Z,124a6ddd121114d11fcde48234ff0b8931d0f3fba2b00efd0948255c,60.16897,24.95222,00000000aa852af1,11.7
3754,2019-08-04T02:00:46Z,137a95acb1432cb5b163aa6e55df6f8d03cfd04b24a6938e6e4d659d,60.16762,24.95415,000000006b44cce7,3.74
3755,2019-08-04T02:00:46Z,16d658201a024bf88376687063f50b0d3e27086374e15780e514e09e,60.16829,24.94214,00000000afef4555,36.27
3756,2019-08-04T02:00:46Z,1780f64a77699d00e2128b929079dfa4cbc3724f901639c7ca5049f1,60.16629,24.95957,00000000fb7600be,16.1
3757,2019-08-04T02:00:46Z,1dacfb371d75dd4f90f447aac2a00faad98beb4188a6971c19eb2375,60.16629,24.95957,00000000fb7600be,29.32
3758,2019-08-04T02:00:46Z,201bf4fc7952b70f96689a812948e3ad6bc7074c06604d4a1afa0b8e,60.17002,24.94407,000000006b087f40,17.4
3759,2019-08-04T02:00:46Z,26166cf5b9b16d54fc1561e096e46512a7b60243de6b9acdf28d33b1,60.16829,24.94214,00000000afef4555,21.87
3760,2019-08-04T02:00:46Z,2696f6a462520c8284659d993a9bf0545c2b2f278e1538f7f60dd1d3,60.17002,24.94407,000000006b087f40,7.05
3761,2019-08-04T02:00:46Z,2acdcfed6579c3f9a1683b1f56e28b2b7b75403200b054e6edd09fe7,60.1538,24.95595,0000000038bf9618,27.28
3762,2019-08-04T02:00:46Z,30fa308b62f0b2690eb8de9a8dcd711bb02917322258ed95a7c50362,60.17002,24.94407,000000006b087f40,13.75
3763,2019-08-04T02:00:46Z,339f6a365c38070f7de8fbf2f831e126f72a0f5d109d5be30735cb7e,60.16897,24.95222,00000000aa852af1,31.5
3764,2019-08-04T02:00:46Z,361f937ab1057efd291aadfbf88395a903b0bbcfff8ee3afe1431a31,60.16544,24.95398,0000000038d83d41,27.28
3765,2019-08-04T02:00:46Z,45f3f37f5104c27fc21a7db518e7a7f57b68709f23f02b5efa540f7a,60.14947,24.91438,000000004ef3150d,11.7
3766,2019-08-04T02:00:46Z,4c3b8a7c738751ab5f9248766749e3c897b23514b294f34880eff55a,60.16897,24.95222,00000000aa852af1,27.28
3767,2019-08-04T02:00:46Z,584cb0b0cdd14e608c8b57c8aecc9826f9b40027e365e2438a444ea2,60.16762,24.95415,000000006b44cce7,18.79
3768,2019-08-04T02:00:46Z,58b7c53decdf23347782d6442cb4349ee5312db1d5ba8da9e4c2af25,60.16762,24.95415,000000006b44cce7,20.28
3769,2019-08-04T02:00:46Z,5a089a2b4bb3f5a34f57f2dcafd1462570fa59744c22e9b00735e8c6,60.1538,24.95595,0000000038bf9618,13.75
3770,2019-08-04T02:00:46Z,699b48bb93c5befb62ff0686e75f158406b659f14daec16ab66d4499,60.15432,24.9211,0000000019fb59c4,17.4
3771,2019-08-04T02:00:46Z,6ff48066dbbd91fad556cf8d4584f5f79f7961521855734e82e4c187,60.16762,24.95415,000000006b44cce7,4.11
3772,2019-08-04T02:00:46Z,70cc7b0a8e166380ca0fbc55a58d9a59c9de9f05a9f95ebb82482d5a,60.16762,24.95415,000000006b44cce7,14.89
3773,2019-08-04T02:00:46Z,766fa923652ba92f13ab23349bce568d0b33dbf0ccdf7606e5e633ec,60.16531,24.9442,00000000fdda10fe,10.78
3774,2019-08-04T02:00:46Z,7a0f425ccdf5813a089dd619056db4cf41173803f079c37bab520825,60.18203,24.91341,00000000342570c2,27.28
3775,2019-08-04T02:00:46Z,7af0c77f50a36fde55c6116ce6fc95063a67a5db61e827b85739d62d,60.16762,24.95415,000000006b44cce7,17.4
3776,2019-08-04T02:00:46Z,7b91d732042030189a304f65807ba95cf9e2445e16fd7666747e7e56,60.1538,24.95595,0000000038bf9618,27.28
3777,2019-08-04T02:00:46Z,7bafc9b6f74b521018b3c6eb85088f47050dae502879caa96dcb94a6,60.1538,24.95595,0000000038bf9618,14.89
3778,2019-08-04T02:00:46Z,9173442e2f747f902896659a35f9782497dbe91c8c5c8e5b2c712fba,60.16897,24.95222,00000000aa852af1,9.12
3779,2019-08-04T02:00:46Z,9313086be16704612615b82b0fb0a2bac8d249cbf373b54d85a5b3f1,60.1538,24.95595,0000000038bf9618,29.32
3780,2019-08-04T02:00:46Z,9885232e95a8b6b4437174be089c6af71b1fe0bddfea879d306b3041,60.17002,24.94407,000000006b087f40,16.1
3781,2019-08-04T02:00:46Z,9aa6011401452463ec819f07785394855c0b49c418b8e19d5fc768df,60.1538,24.95595,0000000038bf9618,27.28
3782,2019-08-04T02:00:46Z,a6ef5803703844038809924894eda35e25c165a826ee9c3f14bc41d7,60.17918,24.95141,00000000675d5200,9.92
3783,2019-08-04T02:00:46Z,aa1d7752e4be44a55f5bfc8df2f6c278afe69b5b19b79702a22908f8,60.1538,24.95595,0000000038bf9618,33.81
3784,2019-08-04T02:00:46Z,abde1ce60ef19a41508ac1f9661c3dec611550421c09cc568ced193f,60.17002,24.94407,000000006b087f40,14.89
3785,2019-08-04T02:00:46Z,b38900c896751899e1c20c791610870bbbde7839746846d07481e0c7,60.16829,24.94214,00000000afef4555,14.89
3786,2019-08-04T02:00:46Z,b6b900b0eb62ba369c75a8851299367b1ebd94fbf19ccfa3d5466248,60.1538,24.95595,0000000038bf9618,27.28
3787,2019-08-04T02:00:46Z,bc07df8cc395f6f4f5d483b2233caca5f93a6918f346e4cc3702f8cc,60.16531,24.9442,00000000fdda10fe,11.7
3788,2019-08-04T02:00:46Z,cf01a59875fd999d9698c266b7634a09f9264a5ff26a1c3c48af9069,60.17002,24.94407,000000006b087f40,31.5
3789,2019-08-04T02:00:46Z,d00f32677e342c7dcb88c9fa30272e08ec9a4f49d8006dffbf598a03,60.16762,24.95415,000000006b44cce7,20.28
3790,2019-08-04T02:00:46Z,d6ad6fb5be8355cc1f877358ec4f09a2ba3df7c177e331113ef376a1,60.16829,24.94214,00000000afef4555,13.75
3791,2019-08-04T02:00:46Z,dc2e0f02adb13656668baaf52c062c10202521cf47f04a2c106becdd,60.16531,24.9442,00000000fdda10fe,23.56
3792,2019-08-04T02:00:46Z,e1bc48d02d172fa89085656433b35028a10ff453a3261a2634984559,60.149,24.9843,00000000fffb8cf0,14.89
3793,2019-08-04T02:00:46Z,e522f5ea0e78869628ae6c0eeb1d11f2751b751d753bb2cf8e0c1587,60.17002,24.94407,000000006b087f40,31.5
3794,2019-08-04T02:00:46Z,ecd3f6878f10e201456713c185926a3d85ae8b5eb2484b73f155ec5a,60.16531,24.9442,00000000fdda10fe,9.12
3795,2019-08-04T02:00:46Z,ed3b2eaece7e8846b296ad5c3f195aafb7410c95a88887d845982981,60.16762,24.95415,000000006b44cce7,13.75
3796,2019-08-04T02:00:46Z,f2f62de93f5e3596a61d41a7fe5f0a10b2a73b89597cc33137ff5d2f,60.16829,24.94214,00000000afef4555,25.36
3797,2019-08-04T02:00:46Z,f8273595f5e5729d41d9da6b8dd60a5b3bd34f343f1ffe267c18d619,60.16762,24.95415,000000006b44cce7,9.12
3798,2019-08-04T02:00:47Z,14c7e1511b70f4dd3359cbece1377aebb4d70531f5489eefe53d7c3c,60.16544,24.95398,0000000038d83d41,21.87
3799,2019-08-04T02:00:47Z,165ebbb4090d47319ae370f0d0854fdc1f6b79499f8b2e4d3c3533c0,60.16544,24.95398,0000000038d83d41,23.56
3800,2019-08-04T02:00:47Z,26926e4be2b08babaa561e74c2b488d25d4441f931b0695977758f63,60.14951,24.92138,0000000006dd41f6,25.36
3801,2019-08-04T02:00:47Z,297c725b456ef12d2712634b21546721cbe93224d3a5762d897404f2,60.16762,24.95415,000000006b44cce7,11.7
3802,2019-08-04T02:00:47Z,3944bc7a301be7241d1f7bc4a97f221000d535ce3d8a9af9af9b23b5,60.16531,24.9442,00000000fdda10fe,29.32
3803,2019-08-04T02:00:47Z,43b676ed3aef4c2d8846694817e76117873be52e7f788e0cb366c1c4,60.16629,24.95957,00000000fb7600be,27.28
3804,2019-08-04T02:00:47Z,43ea43e1aaac8d6d523965f79fd32aa5e5942a98e66e9b6dbaf67f8d,60.16897,24.95222,00000000aa852af1,14.89
3805,2019-08-04T02:00:47Z,5bbb5184fded3e51bc78e45e39917794285e6bbc72da404802a9599a,60.16531,24.9442,00000000fdda10fe,23.56
3806,2019-08-04T02:00:47Z,5c833bdbbf1fd3a307bb37daa4021d8b3d3342b1552dcc0989fe9b16,60.16762,24.95415,000000006b44cce7,25.36
3807,2019-08-04T02:00:47Z,5d65719c4cbf045f068d084b72302f447d5fd034413d97d13be00d0e,60.18203,24.91341,00000000342570c2,18.79
3808,2019-08-04T02:00:47Z,6066632ddc94b5c482a2d4f45ed2532e55e3fd63e414a084a596a737,60.16762,24.95415,000000006b44cce7,16.1
3809,2019-08-04T02:00:47Z,66dabd3229229330d23c70e9e1737429ddfe69db01f4a6a00f70fa20,60.16762,24.95415,000000006b44cce7,20.28
3810,2019-08-04T02:00:47Z,6a70e2fbced719333e21eff04fcb9cb36bae9a04d1a3d6ddd96f2c58,60.15432,24.9211,0000000019fb59c4,18.79
3811,2019-08-04T02:00:47Z,6f06341f358e61699fe1e55e986dd0554bc8da28b91daf0c5ad99db6,60.16629,24.95957,00000000fb7600be,23.56
3812,2019-08-04T02:00:47Z,6ff437688c444238352c28f64f9d2a7d0f14d19c9ea42c225380501e,60.16762,24.95415,000000006b44cce7,25.36
3813,2019-08-04T02:00:47Z,747f2d1ebff218c0ebbdc0fdaef4cbe56633dfb46ae1b1f8c8142201,60.16762,24.95415,000000006b44cce7,16.1
3814,2019-08-04T02:00:47Z,793101e1460a163336a3cac64fab8c81000c19084220aefc41e83e08,60.14951,24.92138,0000000006dd41f6,25.36
3815,2019-08-04T02:00:47Z,7de75f59d3110cdf6e742fba9785ed0399f83ea50e4c5d255adb21ff,60.16897,24.95222,00000000aa852af1,23.56
3816,2019-08-04T02:00:47Z,87dfaad29a9276ddddb1fa021d3bc23ad14824c1af16f7d87e713689,60.14951,24.92138,0000000006dd41f6,12.69
3817,2019-08-04T02:00:47Z,8b0535dd90c15c8fd1b256e7a48369741b0fe9d58f8f05f6e46134b7,60.16544,24.95398,0000000038d83d41,29.32
3818,2019-08-04T02:00:47Z,8c75c3289c84fe4493e1e272a77b615fe1985880c5dc68a7c1a17b53,60.16762,24.95415,000000006b44cce7,18.79
3819,2019-08-04T02:00:47Z,9041c42fbb1cf987ee209454d6f5fab418a20e06fd7625460be30fa6,60.16531,24.9442,00000000fdda10fe,33.81
3820,2019-08-04T02:00:47Z,96c0705b3062754c4e9afc471e280530de69c8820bac642f30d4022b,60.16762,24.95415,000000006b44cce7,18.79
3821,2019-08-04T02:00:47Z,a3a21ef15e1883941a7ed2eb6150357ae068aa4b0b6ce6ca0482ea3a,60.1538,24.95595,0000000038bf9618,31.5
3822,2019-08-04T02:00:47Z,a3b4b2c08d30b2cbabe32fd49bcbb4f45f50a3f0b0e74f856bedb831,60.16762,24.95415,000000006b44cce7,17.4
3823,2019-08-04T02:00:47Z,a91d379a4b57c5df22db0d7a041ff69f657b4b31f28554b1011fc03c,60.16544,24.95398,0000000038d83d41,29.32
3824,2019-08-04T02:00:47Z,b33ae7715d6d2571066655c2c8954a5a364b5601869047de83410d9f,60.16629,24.95957,00000000fb7600be,20.28
3825,2019-08-04T02:00:47Z,b5fd6b317890e5ab2d79e2cd1abe61626d45a753c7337d0d40728898,60.16762,24.95415,000000006b44cce7,9.92
3826,2019-08-04T02:00:47Z,c40c37def6bf11a63a2556519a7c6233fd417cdeea2cf14f28e7c42c,60.16531,24.9442,00000000fdda10fe,25.36
3827,2019-08-04T02:00:47Z,c578a1f266f1ac8f40756ab095d6d81719f90b3a1d4c4808f72ce963,60.14951,24.92138,0000000006dd41f6,29.32
3828,2019-08-04T02:00:47Z,c9cb2b9de2b21abecad29584393bea94a97f282f234f310e2468d7a7,60.16075,24.95883,00000000f1124bca,27.28
3829,2019-08-04T02:00:47Z,ce197d5eedb5498917afe7ca3f7275ffeb191f0c5d050bffa154c1d2,60.16531,24.9442,00000000fdda10fe,31.5
3830,2019-08-04T02:00:47Z,cf05623e4d87ce0906c0b0b7dbf53aacc1228016cd27c341228b6e76,60.18203,24.91341,00000000342570c2,16.1
3831,2019-08-04T02:00:47Z,d0bb9fef9a0ef26adcdd4732c9c20361bce49826f32c2892242831b8,60.16762,24.95415,000000006b44cce7,38.87
3832,2019-08-04T02:00:47Z,f088630d7476dae7d4b7e2bb1f10575f2c89acb4b6e061f3d57c2b40,60.16531,24.9442,00000000fdda10fe,25.36
3833,2019-08-04T02:00:47Z,f31f5bdb4a4c81da52b05c2e91ed700307625920f573cdcf68c91d19,60.16897,24.95222,00000000aa852af1,31.5
3834,2019-08-04T02:00:47Z,f6609ab1076b1105bb845595a03b41b8fbb282f79c337df5bbc9f841,60.14699,24.922,00000000a53ed894,17.4
3835,2019-08-04T02:00:47Z,fc4f3a44235f1cfc7b53f14ba2da599976a5a0a220d23b852688e485,60.17919,24.95181,000000007b5207b6,17.4
3836,2019-08-04T02:00:47Z,032a59647297ad5458cd75a64c6405172cebb8eb2f33b7ab5ce92c4b,60.17918,24.95141,00000000675d5200,33.81
3837,2019-08-04T02:00:47Z,046d88221ec15b64bcac02c9056c3cdd39e2ce29bc8cde90aa2d7ed9,60.16897,24.95222,00000000aa852af1,21.87
3838,2019-08-04T02:00:47Z,0486b4520285f3ca2132b986edabb7c19dfc5708a6c163ff40ed37b9,60.16448,24.97323,0000000053c6c2be,17.4
3839,2019-08-04T02:00:47Z,11acd771bb0e2f3b2f3e08a7f5e80f0f44e73a715bff0585bc669672,60.17002,24.94407,000000006b087f40,27.28
3840,2019-08-04T02:00:47Z,124a6ddd121114d11fcde48234ff0b8931d0f3fba2b00efd0948255c,60.16897,24.95222,00000000aa852af1,10.78
3841,2019-08-04T02:00:47Z,137a95acb1432cb5b163aa6e55df6f8d03cfd04b24a6938e6e4d659d,60.16762,24.95415,000000006b44cce7,3.74
3842,2019-08-04T02:00:47Z,1780f64a77699d00e2128b929079dfa4cbc3724f901639c7ca5049f1,60.16629,24.95957,00000000fb7600be,16.1
3843,2019-08-04T02:00:47Z,201bf4fc7952b70f96689a812948e3ad6bc7074c06604d4a1afa0b8e,60.17002,24.94407,000000006b087f40,13.75
3844,2019-08-04T02:00:47Z,2acdcfed6579c3f9a1683b1f56e28b2b7b75403200b054e6edd09fe7,60.1538,24.95595,0000000038bf9618,31.5
3845,2019-08-04T02:00:47Z,30fa308b62f0b2690eb8de9a8dcd711bb02917322258ed95a7c50362,60.17002,24.94407,000000006b087f40,36.27
3846,2019-08-04T02:00:47Z,339f6a365c38070f7de8fbf2f831e126f72a0f5d109d5be30735cb7e,60.16897,24.95222,00000000aa852af1,27.28
3847,2019-08-04T02:00:47Z,406c8df3855d308047a12843434f2fac7dc6a2dba12c20edbdf06606,60.1538,24.95595,0000000038bf9618,4.11
3848,2019-08-04T02:00:47Z,45f3f37f5104c27fc21a7db518e7a7f57b68709f23f02b5efa540f7a,60.14947,24.91438,000000004ef3150d,14.89
3849,2019-08-04T02:00:47Z,4c3b8a7c738751ab5f9248766749e3c897b23514b294f34880eff55a,60.16897,24.95222,00000000aa852af1,31.5
3850,2019-08-04T02:00:47Z,584cb0b0cdd14e608c8b57c8aecc9826f9b40027e365e2438a444ea2,60.16762,24.95415,000000006b44cce7,10.78
3851,2019-08-04T02:00:47Z,5a089a2b4bb3f5a34f57f2dcafd1462570fa59744c22e9b00735e8c6,60.1538,24.95595,0000000038bf9618,21.87
3852,2019-08-04T02:00:47Z,6ff48066dbbd91fad556cf8d4584f5f79f7961521855734e82e4c187,60.16762,24.95415,000000006b44cce7,4.5
3853,2019-08-04T02:00:47Z,70cc7b0a8e166380ca0fbc55a58d9a59c9de9f05a9f95ebb82482d5a,60.16762,24.95415,000000006b44cce7,13.75
3854,2019-08-04T02:00:47Z,74cb545f76f0bfc5498607247e26e814276a11ce91f77208054ecbc5,60.17002,24.94407,000000006b087f40,20.28
3855,2019-08-04T02:00:47Z,766fa923652ba92f13ab23349bce568d0b33dbf0ccdf7606e5e633ec,60.16531,24.9442,00000000fdda10fe,17.4
3856,2019-08-04T02:00:47Z,7af0c77f50a36fde55c6116ce6fc95063a67a5db61e827b85739d62d,60.16762,24.95415,000000006b44cce7,16.1
3857,2019-08-04T02:00:47Z,7b91d732042030189a304f65807ba95cf9e2445e16fd7666747e7e56,60.1538,24.95595,0000000038bf9618,23.56
3858,2019-08-04T02:00:47Z,7bafc9b6f74b521018b3c6eb85088f47050dae502879caa96dcb94a6,60.1538,24.95595,0000000038bf9618,27.28
3859,2019-08-04T02:00:47Z,8e7c2f7966c3527e6bc8f358d74a087474c6985f4d5dfc4546693416,60.16829,24.94214,00000000afef4555,31.5
3860,2019-08-04T02:00:47Z,9173442e2f747f902896659a35f9782497dbe91c8c5c8e5b2c712fba,60.16897,24.95222,00000000aa852af1,17.4
3861,2019-08-04T02:00:47Z,9313086be16704612615b82b0fb0a2bac8d249cbf373b54d85a5b3f1,60.1538,24.95595,0000000038bf9618,33.81
3862,2019-08-04T02:00:47Z,9885232e95a8b6b4437174be089c6af71b1fe0bddfea879d306b3041,60.17002,24.94407,000000006b087f40,16.1
3863,2019-08-04T02:00:47Z,9aa6011401452463ec819f07785394855c0b49c418b8e19d5fc768df,60.1538,24.95595,0000000038bf9618,23.56
3864,2019-08-04T02:00:47Z,a6ef5803703844038809924894eda35e25c165a826ee9c3f14bc41d7,60.17918,24.95141,00000000675d5200,9.92
3865,2019-08-04T02:00:47Z,aa1d7752e4be44a55f5bfc8df2f6c278afe69b5b19b79702a22908f8,60.1538,24.95595,0000000038bf9618,21.87
3866,2019-08-04T02:00:47Z,abde1ce60ef19a41508ac1f9661c3dec611550421c09cc568ced193f,60.17002,24.94407,000000006b087f40,17.4
3867,2019-08-04T02:00:47Z,b38900c896751899e1c20c791610870bbbde7839746846d07481e0c7,60.16829,24.94214,00000000afef4555,11.7
3868,2019-08-04T02:00:47Z,bc07df8cc395f6f4f5d483b2233caca5f93a6918f346e4cc3702f8cc,60.16531,24.9442,00000000fdda10fe,7.05
3869,2019-08-04T02:00:47Z,c0a0ca3433586ed2ae0e448f2406fabac7292ac79d49562e0bd5cef8,60.16762,24.95415,000000006b44cce7,12.69
3870,2019-08-04T02:00:47Z,d00f32677e342c7dcb88c9fa30272e08ec9a4f49d8006dffbf598a03,60.16762,24.95415,000000006b44cce7,20.28
3871,2019-08-04T02:00:47Z,d6ad6fb5be8355cc1f877358ec4f09a2ba3df7c177e331113ef376a1,60.16829,24.94214,00000000afef4555,16.1
3872,2019-08-04T02:00:47Z,dc2e0f02adb13656668baaf52c062c10202521cf47f04a2c106becdd,60.16531,24.9442,00000000fdda10fe,38.87
3873,2019-08-04T02:00:47Z,e1bc48d02d172fa89085656433b35028a10ff453a3261a2634984559,60.149,24.9843,00000000fffb8cf0,27.28
3874,2019-08-04T02:00:47Z,e5b564cf327f7db10f48bff6a13bbcb59e968da0f12c91756dfdfc09,60.16762,24.95415,000000006b44cce7,25.36
3875,2019-08-04T02:00:47Z,e66dee158121004b2a8098c673bc0d10944147d07f5f738cb9dd32be,60.16829,24.94214,00000000afef4555,47.69
3876,2019-08-04T02:00:47Z,ecd3f6878f10e201456713c185926a3d85ae8b5eb2484b73f155ec5a,60.16531,24.9442,00000000fdda10fe,7.69
3877,2019-08-04T02:00:47Z,ed3b2eaece7e8846b296ad5c3f195aafb7410c95a88887d845982981,60.16762,24.95415,000000006b44cce7,20.28
3878,2019-08-04T02:00:47Z,f2f62de93f5e3596a61d41a7fe5f0a10b2a73b89597cc33137ff5d2f,60.16829,24.94214,00000000afef4555,23.56
3879,2019-08-04T02:00:47Z,f39586246b349fd26e26b06bfdbf9149d03895270dfe4268dd7a6848,60.1538,24.95595,0000000038bf9618,25.36
3880,2019-08-04T02:00:47Z,f8273595f5e5729d41d9da6b8dd60a5b3bd34f343f1ffe267c18d619,60.16762,24.95415,000000006b44cce7,10.78
3881,2019-08-04T02:00:48Z,14c7e1511b70f4dd3359cbece1377aebb4d70531f5489eefe53d7c3c,60.16544,24.95398,0000000038d83d41,31.5
3882,2019-08-04T02:00:48Z,165ebbb4090d47319ae370f0d0854fdc1f6b79499f8b2e4d3c3533c0,60.16544,24.95398,0000000038d83d41,27.28
3883,2019-08-04T02:00:48Z,297c725b456ef12d2712634b21546721cbe93224d3a5762d897404f2,60.16762,24.95415,000000006b44cce7,9.92
3884,2019-08-04T02:00:48Z,3944bc7a301be7241d1f7bc4a97f221000d535ce3d8a9af9af9b23b5,60.16531,24.9442,00000000fdda10fe,29.32
3885,2019-08-04T02:00:48Z,43b676ed3aef4c2d8846694817e76117873be52e7f788e0cb366c1c4,60.16629,24.95957,00000000fb7600be,29.32
3886,2019-08-04T02:00:48Z,43ea43e1aaac8d6d523965f79fd32aa5e5942a98e66e9b6dbaf67f8d,60.16897,24.95222,00000000aa852af1,12.69
3887,2019-08-04T02:00:48Z,5bbb5184fded3e51bc78e45e39917794285e6bbc72da404802a9599a,60.16531,24.9442,00000000fdda10fe,21.87
3888,2019-08-04T02:00:48Z,5c833bdbbf1fd3a307bb37daa4021d8b3d3342b1552dcc0989fe9b16,60.16762,24.95415,000000006b44cce7,23.56
3889,2019-08-04T02:00:48Z,5d65719c4cbf045f068d084b72302f447d5fd034413d97d13be00d0e,60.18203,24.91341,00000000342570c2,17.4
3890,2019-08-04T02:00:48Z,6066632ddc94b5c482a2d4f45ed2532e55e3fd63e414a084a596a737,60.16762,24.95415,000000006b44cce7,21.87
3891,2019-08-04T02:00:48Z,6a70e2fbced719333e21eff04fcb9cb36bae9a04d1a3d6ddd96f2c58,60.15432,24.9211,0000000019fb59c4,31.5
3892,2019-08-04T02:00:48Z,6c4c3fd8fa1c46dafdf6c420406a7ed41d85ebbdee767b1937ce6af0,60.16762,24.95415,000000006b44cce7,21.87
3893,2019-08-04T02:00:48Z,6f06341f358e61699fe1e55e986dd0554bc8da28b91daf0c5ad99db6,60.16629,24.95957,00000000fb7600be,23.56
3894,2019-08-04T02:00:48Z,6ff437688c444238352c28f64f9d2a7d0f14d19c9ea42c225380501e,60.16762,24.95415,000000006b44cce7,25.36
3895,2019-08-04T02:00:48Z,747f2d1ebff218c0ebbdc0fdaef4cbe56633dfb46ae1b1f8c8142201,60.16762,24.95415,000000006b44cce7,13.75
3896,2019-08-04T02:00:48Z,793101e1460a163336a3cac64fab8c81000c19084220aefc41e83e08,60.14951,24.92138,0000000006dd41f6,27.28
3897,2019-08-04T02:00:48Z,79f136afa0dd8717337c01c70b457c464aaf0fa25b440f51a394ec23,60.16762,24.95415,000000006b44cce7,12.69
3898,2019-08-04T02:00:48Z,7de75f59d3110cdf6e742fba9785ed0399f83ea50e4c5d255adb21ff,60.16897,24.95222,00000000aa852af1,18.79
3899,2019-08-04T02:00:48Z,87dfaad29a9276ddddb1fa021d3bc23ad14824c1af16f7d87e713689,60.14951,24.92138,0000000006dd41f6,12.69
3900,2019-08-04T02:00:48Z,89982a6acf91b79a282a6b63978e946ee205f303fcd20e944e06baf0,60.16544,24.95398,0000000038d83d41,21.87
3901,2019-08-04T02:00:48Z,8c75c3289c84fe4493e1e272a77b615fe1985880c5dc68a7c1a17b53,60.16762,24.95415,000000006b44cce7,13.75
3902,2019-08-04T02:00:48Z,a3b4b2c08d30b2cbabe32fd49bcbb4f45f50a3f0b0e74f856bedb831,60.16762,24.95415,000000006b44cce7,13.75
3903,2019-08-04T02:00:48Z,a91d379a4b57c5df22db0d7a041ff69f657b4b31f28554b1011fc03c,60.16544,24.95398,0000000038d83d41,31.5
3904,2019-08-04T02:00:48Z,b33ae7715d6d2571066655c2c8954a5a364b5601869047de83410d9f,60.16629,24.95957,00000000fb7600be,20.28
3905,2019-08-04T02:00:48Z,b5fd6b317890e5ab2d79e2cd1abe61626d45a753c7337d0d40728898,60.16762,24.95415,000000006b44cce7,8.38
3906,2019-08-04T02:00:48Z,c40c37def6bf11a63a2556519a7c6233fd417cdeea2cf14f28e7c42c,60.16531,24.9442,00000000fdda10fe,25.36
3907,2019-08-04T02:00:48Z,c578a1f266f1ac8f40756ab095d6d81719f90b3a1d4c4808f72ce963,60.14951,24.92138,0000000006dd41f6,29.32
3908,2019-08-04T02:00:48Z,c9cb2b9de2b21abecad29584393bea94a97f282f234f310e2468d7a7,60.16075,24.95883,00000000f1124bca,25.36
3909,2019-08-04T02:00:48Z,cf05623e4d87ce0906c0b0b7dbf53aacc1228016cd27c341228b6e76,60.18203,24.91341,00000000342570c2,17.4
3910,2019-08-04T02:00:48Z,f088630d7476dae7d4b7e2bb1f10575f2c89acb4b6e061f3d57c2b40,60.16531,24.9442,00000000fdda10fe,27.28
3911,2019-08-04T02:00:48Z,f31f5bdb4a4c81da52b05c2e91ed700307625920f573cdcf68c91d19,60.16897,24.95222,00000000aa852af1,27.28
3912,2019-08-04T02:00:48Z,f6609ab1076b1105bb845595a03b41b8fbb282f79c337df5bbc9f841,60.14699,24.922,00000000a53ed894,12.69
3913,2019-08-04T02:00:48Z,fc4f3a44235f1cfc7b53f14ba2da599976a5a0a220d23b852688e485,60.17919,24.95181,000000007b5207b6,23.56
3914,2019-08-04T02:00:48Z,032a59647297ad5458cd75a64c6405172cebb8eb2f33b7ab5ce92c4b,60.17918,24.95141,00000000675d5200,29.32
3915,2019-08-04T02:00:48Z,046d88221ec15b64bcac02c9056c3cdd39e2ce29bc8cde90aa2d7ed9,60.16897,24.95222,00000000aa852af1,18.79
3916,2019-08-04T02:00:48Z,11acd771bb0e2f3b2f3e08a7f5e80f0f44e73a715bff0585bc669672,60.17002,24.94407,000000006b087f40,21.87
3917,2019-08-04T02:00:48Z,124a6ddd121114d11fcde48234ff0b8931d0f3fba2b00efd0948255c,60.16897,24.95222,00000000aa852af1,11.7
3918,2019-08-04T02:00:48Z,137a95acb1432cb5b163aa6e55df6f8d03cfd04b24a6938e6e4d659d,60.16762,24.95415,000000006b44cce7,2.3
3919,2019-08-04T02:00:48Z,1780f64a77699d00e2128b929079dfa4cbc3724f901639c7ca5049f1,60.16629,24.95957,00000000fb7600be,14.89
3920,2019-08-04T02:00:48Z,1dacfb371d75dd4f90f447aac2a00faad98beb4188a6971c19eb2375,60.16629,24.95957,00000000fb7600be,27.28
3921,2019-08-04T02:00:48Z,25b9a688fda1515f9ff250d01f89c4491af81e3721b9b2348d88d2e3,60.16762,24.95415,000000006b44cce7,36.27
3922,2019-08-04T02:00:48Z,26166cf5b9b16d54fc1561e096e46512a7b60243de6b9acdf28d33b1,60.16829,24.94214,00000000afef4555,20.28
3923,2019-08-04T02:00:48Z,2696f6a462520c8284659d993a9bf0545c2b2f278e1538f7f60dd1d3,60.17002,24.94407,000000006b087f40,7.69
3924,2019-08-04T02:00:48Z,30fa308b62f0b2690eb8de9a8dcd711bb02917322258ed95a7c50362,60.17002,24.94407,000000006b087f40,25.36
3925,2019-08-04T02:00:48Z,45f3f37f5104c27fc21a7db518e7a7f57b68709f23f02b5efa540f7a,60.14947,24.91438,000000004ef3150d,12.69
3926,2019-08-04T02:00:48Z,4c3b8a7c738751ab5f9248766749e3c897b23514b294f34880eff55a,60.16897,24.95222,00000000aa852af1,25.36
3927,2019-08-04T02:00:48Z,584cb0b0cdd14e608c8b57c8aecc9826f9b40027e365e2438a444ea2,60.16762,24.95415,000000006b44cce7,18.79
3928,2019-08-04T02:00:48Z,5a089a2b4bb3f5a34f57f2dcafd1462570fa59744c22e9b00735e8c6,60.1538,24.95595,0000000038bf9618,33.81
3929,2019-08-04T02:00:48Z,66e7412496e5ad9efd31af7a7f1a88e1fdcd371a60adfe516dd71704,60.16829,24.94214,00000000afef4555,23.56
3930,2019-08-04T02:00:48Z,699b48bb93c5befb62ff0686e75f158406b659f14daec16ab66d4499,60.15432,24.9211,0000000019fb59c4,18.79
3931,2019-08-04T02:00:48Z,6ff48066dbbd91fad556cf8d4584f5f79f7961521855734e82e4c187,60.16762,24.95415,000000006b44cce7,7.05
3932,2019-08-04T02:00:48Z,70cc7b0a8e166380ca0fbc55a58d9a59c9de9f05a9f95ebb82482d5a,60.16762,24.95415,000000006b44cce7,11.7
3933,2019-08-04T02:00:48Z,766fa923652ba92f13ab23349bce568d0b33dbf0ccdf7606e5e633ec,60.16531,24.9442,00000000fdda10fe,14.89
3934,2019-08-04T02:00:48Z,7af0c77f50a36fde55c6116ce6fc95063a67a5db61e827b85739d62d,60.16762,24.95415,000000006b44cce7,13.75
3935,2019-08-04T02:00:48Z,7b91d732042030189a304f65807ba95cf9e2445e16fd7666747e7e56,60.1538,24.95595,0000000038bf9618,21.87
3936,2019-08-04T02:00:48Z,7bafc9b6f74b521018b3c6eb85088f47050dae502879caa96dcb94a6,60.1538,24.95595,0000000038bf9618,25.36
3937,2019-08-04T02:00:48Z,8b49994992a96e97c5f92629f1aca931941db8b36050ac6b25c3c67f,60.16897,24.95222,00000000aa852af1,27.28
3938,2019-08-04T02:00:48Z,8e7c2f7966c3527e6bc8f358d74a087474c6985f4d5dfc4546693416,60.16829,24.94214,00000000afef4555,17.4
3939,2019-08-04T02:00:48Z,9173442e2f747f902896659a35f9782497dbe91c8c5c8e5b2c712fba,60.16897,24.95222,00000000aa852af1,11.7
3940,2019-08-04T02:00:48Z,9313086be16704612615b82b0fb0a2bac8d249cbf373b54d85a5b3f1,60.1538,24.95595,0000000038bf9618,31.5
3941,2019-08-04T02:00:48Z,94fb0519469907d303095ced8eea82b15282bbaf6df970a9d4025cb2,60.17002,24.94407,000000006b087f40,18.79
3942,2019-08-04T02:00:48Z,9885232e95a8b6b4437174be089c6af71b1fe0bddfea879d306b3041,60.17002,24.94407,000000006b087f40,20.28
3943,2019-08-04T02:00:48Z,a6ef5803703844038809924894eda35e25c165a826ee9c3f14bc41d7,60.17919,24.95181,000000007b5207b6,17.4
3944,2019-08-04T02:00:48Z,aa1d7752e4be44a55f5bfc8df2f6c278afe69b5b19b79702a22908f8,60.1538,24.95595,0000000038bf9618,27.28
3945,2019-08-04T02:00:48Z,abde1ce60ef19a41508ac1f9661c3dec611550421c09cc568ced193f,60.17002,24.94407,000000006b087f40,13.75
3946,2019-08-04T02:00:48Z,b38900c896751899e1c20c791610870bbbde7839746846d07481e0c7,60.16829,24.94214,00000000afef4555,12.69
3947,2019-08-04T02:00:48Z,b6b900b0eb62ba369c75a8851299367b1ebd94fbf19ccfa3d5466248,60.1538,24.95595,0000000038bf9618,44.58
3948,2019-08-04T02:00:48Z,bb6b7ebc4c69d0e0b5d838c0ab7484bb707ae1ac94785c92861f07b7,60.16629,24.95957,00000000fb7600be,31.5
3949,2019-08-04T02:00:48Z,bc07df8cc395f6f4f5d483b2233caca5f93a6918f346e4cc3702f8cc,60.16531,24.9442,00000000fdda10fe,9.12
3950,2019-08-04T02:00:48Z,c0a0ca3433586ed2ae0e448f2406fabac7292ac79d49562e0bd5cef8,60.16762,24.95415,000000006b44cce7,29.32
3951,2019-08-04T02:00:48Z,d00f32677e342c7dcb88c9fa30272e08ec9a4f49d8006dffbf598a03,60.16762,24.95415,000000006b44cce7,18.79
3952,2019-08-04T02:00:48Z,d6ad6fb5be8355cc1f877358ec4f09a2ba3df7c177e331113ef376a1,60.16829,24.94214,00000000afef4555,13.75
3953,2019-08-04T02:00:48Z,dc2e0f02adb13656668baaf52c062c10202521cf47f04a2c106becdd,60.16531,24.9442,00000000fdda10fe,29.32
3954,2019-08-04T02:00:48Z,e1bc48d02d172fa89085656433b35028a10ff453a3261a2634984559,60.149,24.9843,00000000fffb8cf0,17.4
3955,2019-08-04T02:00:48Z,e522f5ea0e78869628ae6c0eeb1d11f2751b751d753bb2cf8e0c1587,60.17002,24.94407,000000006b087f40,27.28
3956,2019-08-04T02:00:48Z,ecd3f6878f10e201456713c185926a3d85ae8b5eb2484b73f155ec5a,60.16531,24.9442,00000000fdda10fe,7.69
3957,2019-08-04T02:00:48Z,ed3b2eaece7e8846b296ad5c3f195aafb7410c95a88887d845982981,60.16762,24.95415,000000006b44cce7,14.89
3958,2019-08-04T02:00:48Z,f2f62de93f5e3596a61d41a7fe5f0a10b2a73b89597cc33137ff5d2f,60.16829,24.94214,00000000afef4555,13.75
3959,2019-08-04T02:00:48Z,f39586246b349fd26e26b06bfdbf9149d03895270dfe4268dd7a6848,60.1538,24.95595,0000000038bf9618,16.1
3960,2019-08-04T02:00:48Z,f8273595f5e5729d41d9da6b8dd60a5b3bd34f343f1ffe267c18d619,60.16762,24.95415,000000006b44cce7,20.28
3961,2019-08-04T02:00:48Z,f9399339c3de44774896319d3f291771cebcaf2666df1d6062469882,60.16531,24.9442,00000000fdda10fe,33.81
3962,2019-08-04T02:00:49Z,14c7e1511b70f4dd3359cbece1377aebb4d70531f5489eefe53d7c3c,60.16544,24.95398,0000000038d83d41,21.87
3963,2019-08-04T02:00:49Z,165ebbb4090d47319ae370f0d0854fdc1f6b79499f8b2e4d3c3533c0,60.16544,24.95398,0000000038d83d41,27.28
3964,2019-08-04T02:00:49Z,297c725b456ef12d2712634b21546721cbe93224d3a5762d897404f2,60.16762,24.95415,000000006b44cce7,12.69
3965,2019-08-04T02:00:49Z,3944bc7a301be7241d1f7bc4a97f221000d535ce3d8a9af9af9b23b5,60.16531,24.9442,00000000fdda10fe,31.5
3966,2019-08-04T02:00:49Z,43b676ed3aef4c2d8846694817e76117873be52e7f788e0cb366c1c4,60.16629,24.95957,00000000fb7600be,29.32
3967,2019-08-04T02:00:49Z,43ea43e1aaac8d6d523965f79fd32aa5e5942a98e66e9b6dbaf67f8d,60.16897,24.95222,00000000aa852af1,25.36
3968,2019-08-04T02:00:49Z,5bbb5184fded3e51bc78e45e39917794285e6bbc72da404802a9599a,60.16531,24.9442,00000000fdda10fe,20.28
3969,2019-08-04T02:00:49Z,5c833bdbbf1fd3a307bb37daa4021d8b3d3342b1552dcc0989fe9b16,60.16762,24.95415,000000006b44cce7,9.92
3970,2019-08-04T02:00:49Z,5d65719c4cbf045f068d084b72302f447d5fd034413d97d13be00d0e,60.18203,24.91341,00000000342570c2,16.1
3971,2019-08-04T02:00:49Z,6066632ddc94b5c482a2d4f45ed2532e55e3fd63e414a084a596a737,60.16762,24.95415,000000006b44cce7,16.1
3972,2019-08-04T02:00:49Z,66dabd3229229330d23c70e9e1737429ddfe69db01f4a6a00f70fa20,60.16762,24.95415,000000006b44cce7,18.79
3973,2019-08-04T02:00:49Z,6a70e2fbced719333e21eff04fcb9cb36bae9a04d1a3d6ddd96f2c58,60.15432,24.9211,0000000019fb59c4,20.28
3974,2019-08-04T02:00:49Z,6f06341f358e61699fe1e55e986dd0554bc8da28b91daf0c5ad99db6,60.16629,24.95957,00000000fb7600be,27.28
3975,2019-08-04T02:00:49Z,6ff437688c444238352c28f64f9d2a7d0f14d19c9ea42c225380501e,60.16762,24.95415,000000006b44cce7,27.28
3976,2019-08-04T02:00:49Z,79f136afa0dd8717337c01c70b457c464aaf0fa25b440f51a394ec23,60.16762,24.95415,000000006b44cce7,13.75
3977,2019-08-04T02:00:49Z,7de75f59d3110cdf6e742fba9785ed0399f83ea50e4c5d255adb21ff,60.16897,24.95222,00000000aa852af1,27.28
3978,2019-08-04T02:00:49Z,87dfaad29a9276ddddb1fa021d3bc23ad14824c1af16f7d87e713689,60.14951,24.92138,0000000006dd41f6,11.7
3979,2019-08-04T02:00:49Z,8c75c3289c84fe4493e1e272a77b615fe1985880c5dc68a7c1a17b53,60.16762,24.95415,000000006b44cce7,9.92
3980,2019-08-04T02:00:49Z,91d3b80de4439a4a49ddb8a04d72a0a2ec6c08f351d70232842af567,60.16762,24.95415,000000006b44cce7,23.56
3981,2019-08-04T02:00:49Z,96c0705b3062754c4e9afc471e280530de69c8820bac642f30d4022b,60.16762,24.95415,000000006b44cce7,20.28
3982,2019-08-04T02:00:49Z,a3b4b2c08d30b2cbabe32fd49bcbb4f45f50a3f0b0e74f856bedb831,60.16762,24.95415,000000006b44cce7,9.92
3983,2019-08-04T02:00:49Z,a91d379a4b57c5df22db0d7a041ff69f657b4b31f28554b1011fc03c,60.16544,24.95398,0000000038d83d41,31.5
3984,2019-08-04T02:00:49Z,b33ae7715d6d2571066655c2c8954a5a364b5601869047de83410d9f,60.16629,24.95957,00000000fb7600be,25.36
3985,2019-08-04T02:00:49Z,b5fd6b317890e5ab2d79e2cd1abe61626d45a753c7337d0d40728898,60.16762,24.95415,000000006b44cce7,7.05
3986,2019-08-04T02:00:49Z,c40c37def6bf11a63a2556519a7c6233fd417cdeea2cf14f28e7c42c,60.16531,24.9442,00000000fdda10fe,21.87
3987,2019-08-04T02:00:49Z,c578a1f266f1ac8f40756ab095d6d81719f90b3a1d4c4808f72ce963,60.14951,24.92138,0000000006dd41f6,25.36
3988,2019-08-04T02:00:49Z,c9cb2b9de2b21abecad29584393bea94a97f282f234f310e2468d7a7,60.16075,24.95883,00000000f1124bca,27.28
3989,2019-08-04T02:00:49Z,ce197d5eedb5498917afe7ca3f7275ffeb191f0c5d050bffa154c1d2,60.16531,24.9442,00000000fdda10fe,31.5
3990,2019-08-04T02:00:49Z,cf05623e4d87ce0906c0b0b7dbf53aacc1228016cd27c341228b6e76,60.18203,24.91341,00000000342570c2,20.28
3991,2019-08-04T02:00:49Z,d0bb9fef9a0ef26adcdd4732c9c20361bce49826f32c2892242831b8,60.16762,24.95415,000000006b44cce7,16.1
3992,2019-08-04T02:00:49Z,f088630d7476dae7d4b7e2bb1f10575f2c89acb4b6e061f3d57c2b40,60.16531,24.9442,00000000fdda10fe,23.56
3993,2019-08-04T02:00:49Z,f1baf2e6f8f8efc9540b843a94791574ccbcb6268d9607cca31510af,60.16762,24.95415,000000006b44cce7,21.87
3994,2019-08-04T02:00:49Z,f31f5bdb4a4c81da52b05c2e91ed700307625920f573cdcf68c91d19,60.16897,24.95222,00000000aa852af1,27.28
3995,2019-08-04T02:00:49Z,f6609ab1076b1105bb845595a03b41b8fbb282f79c337df5bbc9f841,60.14699,24.922,00000000a53ed894,13.75
3996,2019-08-04T02:00:49Z,f8c416f55164b687ab9cfd75fa477720c41f36c1f8b5f48a301b70b2,60.16544,24.95398,0000000038d83d41,33.81
3997,2019-08-04T02:00:49Z,fc4f3a44235f1cfc7b53f14ba2da599976a5a0a220d23b852688e485,60.17919,24.95181,000000007b5207b6,17.4
3998,2019-08-04T02:00:49Z,032a59647297ad5458cd75a64c6405172cebb8eb2f33b7ab5ce92c4b,60.17918,24.95141,00000000675d5200,16.1
3999,2019-08-04T02:00:49Z,046d88221ec15b64bcac02c9056c3cdd39e2ce29bc8cde90aa2d7ed9,60.16897,24.95222,00000000aa852af1,23.56
4000,2019-08-04T02:00:49Z,0486b4520285f3ca2132b986edabb7c19dfc5708a6c163ff40ed37b9,60.16448,24.97323,0000000053c6c2be,17.4
4001,2019-08-04T02:00:49Z,11acd771bb0e2f3b2f3e08a7f5e80f0f44e73a715bff0585bc669672,60.17002,24.94407,000000006b087f40,21.87
4002,2019-08-04T02:00:49Z,124a6ddd121114d11fcde48234ff0b8931d0f3fba2b00efd0948255c,60.16897,24.95222,00000000aa852af1,12.69
4003,2019-08-04T02:00:49Z,137a95acb1432cb5b163aa6e55df6f8d03cfd04b24a6938e6e4d659d,60.16762,24.95415,000000006b44cce7,3.4
4004,2019-08-04T02:00:49Z,1780f64a77699d00e2128b929079dfa4cbc3724f901639c7ca5049f1,60.16629,24.95957,00000000fb7600be,16.1
4005,2019-08-04T02:00:49Z,1dacfb371d75dd4f90f447aac2a00faad98beb4188a6971c19eb2375,60.16629,24.95957,00000000fb7600be,31.5
4006,2019-08-04T02:00:49Z,201bf4fc7952b70f96689a812948e3ad6bc7074c06604d4a1afa0b8e,60.17002,24.94407,000000006b087f40,23.56
4007,2019-08-04T02:00:49Z,2696f6a462520c8284659d993a9bf0545c2b2f278e1538f7f60dd1d3,60.17002,24.94407,000000006b087f40,7.05
4008,2019-08-04T02:00:49Z,2acdcfed6579c3f9a1683b1f56e28b2b7b75403200b054e6edd09fe7,60.1538,24.95595,0000000038bf9618,27.28
4009,2019-08-04T02:00:49Z,30fa308b62f0b2690eb8de9a8dcd711bb02917322258ed95a7c50362,60.17002,24.94407,000000006b087f40,29.32
4010,2019-08-04T02:00:49Z,406c8df3855d308047a12843434f2fac7dc6a2dba12c20edbdf06606,60.1538,24.95595,0000000038bf9618,5.41
4011,2019-08-04T02:00:49Z,45f3f37f5104c27fc21a7db518e7a7f57b68709f23f02b5efa540f7a,60.14947,24.91438,000000004ef3150d,9.92
4012,2019-08-04T02:00:49Z,4933441a869df1350df5f0d62d5eb729a3e16345489767c9e3c7b25d,60.16829,24.94214,00000000afef4555,27.28
4013,2019-08-04T02:00:49Z,584cb0b0cdd14e608c8b57c8aecc9826f9b40027e365e2438a444ea2,60.16762,24.95415,000000006b44cce7,11.7
4014,2019-08-04T02:00:49Z,5a089a2b4bb3f5a34f57f2dcafd1462570fa59744c22e9b00735e8c6,60.1538,24.95595,0000000038bf9618,33.81
4015,2019-08-04T02:00:49Z,66e7412496e5ad9efd31af7a7f1a88e1fdcd371a60adfe516dd71704,60.16829,24.94214,00000000afef4555,31.5
4016,2019-08-04T02:00:49Z,699b48bb93c5befb62ff0686e75f158406b659f14daec16ab66d4499,60.15432,24.9211,0000000019fb59c4,21.87
4017,2019-08-04T02:00:49Z,6ff48066dbbd91fad556cf8d4584f5f79f7961521855734e82e4c187,60.16762,24.95415,000000006b44cce7,0.84
4018,2019-08-04T02:00:49Z,70cc7b0a8e166380ca0fbc55a58d9a59c9de9f05a9f95ebb82482d5a,60.16762,24.95415,000000006b44cce7,10.78
4019,2019-08-04T02:00:49Z,74cb545f76f0bfc5498607247e26e814276a11ce91f77208054ecbc5,60.17002,24.94407,000000006b087f40,20.28
4020,2019-08-04T02:00:49Z,766fa923652ba92f13ab23349bce568d0b33dbf0ccdf7606e5e633ec,60.16531,24.9442,00000000fdda10fe,4.94
4021,2019-08-04T02:00:49Z,7a0f425ccdf5813a089dd619056db4cf41173803f079c37bab520825,60.18203,24.91341,00000000342570c2,29.32
4022,2019-08-04T02:00:49Z,7af0c77f50a36fde55c6116ce6fc95063a67a5db61e827b85739d62d,60.16762,24.95415,000000006b44cce7,14.89
4023,2019-08-04T02:00:49Z,7b91d732042030189a304f65807ba95cf9e2445e16fd7666747e7e56,60.1538,24.95595,0000000038bf9618,17.4
4024,2019-08-04T02:00:49Z,7bafc9b6f74b521018b3c6eb85088f47050dae502879caa96dcb94a6,60.1538,24.95595,0000000038bf9618,12.69
4025,2019-08-04T02:00:49Z,8b49994992a96e97c5f92629f1aca931941db8b36050ac6b25c3c67f,60.16897,24.95222,00000000aa852af1,18.79
4026,2019-08-04T02:00:49Z,9173442e2f747f902896659a35f9782497dbe91c8c5c8e5b2c712fba,60.16897,24.95222,00000000aa852af1,8.38
4027,2019-08-04T02:00:49Z,9313086be16704612615b82b0fb0a2bac8d249cbf373b54d85a5b3f1,60.1538,24.95595,0000000038bf9618,27.28
4028,2019-08-04T02:00:49Z,9885232e95a8b6b4437174be089c6af71b1fe0bddfea879d306b3041,60.17002,24.94407,000000006b087f40,14.89
4029,2019-08-04T02:00:49Z,9aa6011401452463ec819f07785394855c0b49c418b8e19d5fc768df,60.1538,24.95595,0000000038bf9618,23.56
4030,2019-08-04T02:00:49Z,9d713c9ce415e473048b45bbb35d6dcdef35cabaca39aa54f2e781a3,60.16531,24.9442,00000000fdda10fe,33.81
4031,2019-08-04T02:00:49Z,a6ef5803703844038809924894eda35e25c165a826ee9c3f14bc41d7,60.17919,24.95181,000000007b5207b6,17.4
4032,2019-08-04T02:00:49Z,abde1ce60ef19a41508ac1f9661c3dec611550421c09cc568ced193f,60.17002,24.94407,000000006b087f40,10.78
4033,2019-08-04T02:00:49Z,b38900c896751899e1c20c791610870bbbde7839746846d07481e0c7,60.16829,24.94214,00000000afef4555,13.75
4034,2019-08-04T02:00:49Z,bc07df8cc395f6f4f5d483b2233caca5f93a6918f346e4cc3702f8cc,60.16531,24.9442,00000000fdda10fe,9.12
4035,2019-08-04T02:00:49Z,c0a0ca3433586ed2ae0e448f2406fabac7292ac79d49562e0bd5cef8,60.16762,24.95415,000000006b44cce7,12.69
4036,2019-08-04T02:00:49Z,c9ce14e0dbf0cf3c24f6a92a1930fa32de9a1de0ffe63082ccddb0d6,60.16448,24.97323,0000000053c6c2be,23.56
4037,2019-08-04T02:00:49Z,dc2e0f02adb13656668baaf52c062c10202521cf47f04a2c106becdd,60.16531,24.9442,00000000fdda10fe,23.56
4038,2019-08-04T02:00:49Z,e1bc48d02d172fa89085656433b35028a10ff453a3261a2634984559,60.149,24.9843,00000000fffb8cf0,17.4
4039,2019-08-04T02:00:49Z,e1e00fae215a6677d1d65cb8e50df60f5185673a84411569c2ae2cf0,60.16762,24.95415,000000006b44cce7,18.79
4040,2019-08-04T02:00:49Z,e7baeb3fa75db84982c28c08efcf29a123618b687c634aae2f7a2b1a,60.16531,24.9442,00000000fdda10fe,23.56
4041,2019-08-04T02:00:49Z,ecd3f6878f10e201456713c185926a3d85ae8b5eb2484b73f155ec5a,60.16531,24.9442,00000000fdda10fe,10.78
4042,2019-08-04T02:00:49Z,ed3b2eaece7e8846b296ad5c3f195aafb7410c95a88887d845982981,60.16762,24.95415,000000006b44cce7,17.4
4043,2019-08-04T02:00:49Z,f2f62de93f5e3596a61d41a7fe5f0a10b2a73b89597cc33137ff5d2f,60.16829,24.94214,00000000afef4555,18.79
4044,2019-08-04T02:00:49Z,f39586246b349fd26e26b06bfdbf9149d03895270dfe4268dd7a6848,60.1538,24.95595,0000000038bf9618,25.36
4045,2019-08-04T02:00:49Z,f8273595f5e5729d41d9da6b8dd60a5b3bd34f343f1ffe267c18d619,60.16762,24.95415,000000006b44cce7,7.69
4046,2019-08-04T02:00:50Z,14c7e1511b70f4dd3359cbece1377aebb4d70531f5489eefe53d7c3c,60.16544,24.95398,0000000038d83d41,25.36
4047,2019-08-04T02:00:50Z,297c725b456ef12d2712634b21546721cbe93224d3a5762d897404f2,60.16762,24.95415,000000006b44cce7,13.75
4048,2019-08-04T02:00:50Z,3944bc7a301be7241d1f7bc4a97f221000d535ce3d8a9af9af9b23b5,60.16531,24.9442,00000000fdda10fe,23.56
4049,2019-08-04T02:00:50Z,43b676ed3aef4c2d8846694817e76117873be52e7f788e0cb366c1c4,60.16629,24.95957,00000000fb7600be,25.36
4050,2019-08-04T02:00:50Z,43ea43e1aaac8d6d523965f79fd32aa5e5942a98e66e9b6dbaf67f8d,60.16897,24.95222,00000000aa852af1,14.89
4051,2019-08-04T02:00:50Z,5bbb5184fded3e51bc78e45e39917794285e6bbc72da404802a9599a,60.16531,24.9442,00000000fdda10fe,21.87
4052,2019-08-04T02:00:50Z,5c833bdbbf1fd3a307bb37daa4021d8b3d3342b1552dcc0989fe9b16,60.16762,24.95415,000000006b44cce7,10.78
4053,2019-08-04T02:00:50Z,5d65719c4cbf045f068d084b72302f447d5fd034413d97d13be00d0e,60.18203,24.91341,00000000342570c2,17.4
4054,2019-08-04T02:00:50Z,66dabd3229229330d23c70e9e1737429ddfe69db01f4a6a00f70fa20,60.16762,24.95415,000000006b44cce7,20.28
4055,2019-08-04T02:00:50Z,6a70e2fbced719333e21eff04fcb9cb36bae9a04d1a3d6ddd96f2c58,60.15432,24.9211,0000000019fb59c4,18.79
4056,2019-08-04T02:00:50Z,6f06341f358e61699fe1e55e986dd0554bc8da28b91daf0c5ad99db6,60.16629,24.95957,00000000fb7600be,21.87
4057,2019-08-04T02:00:50Z,747f2d1ebff218c0ebbdc0fdaef4cbe56633dfb46ae1b1f8c8142201,60.16762,24.95415,000000006b44cce7,12.69
4058,2019-08-04T02:00:50Z,79f136afa0dd8717337c01c70b457c464aaf0fa25b440f51a394ec23,60.16762,24.95415,000000006b44cce7,11.7
4059,2019-08-04T02:00:50Z,7de75f59d3110cdf6e742fba9785ed0399f83ea50e4c5d255adb21ff,60.16897,24.95222,00000000aa852af1,20.28
4060,2019-08-04T02:00:50Z,87dfaad29a9276ddddb1fa021d3bc23ad14824c1af16f7d87e713689,60.14951,24.92138,0000000006dd41f6,11.7
4061,2019-08-04T02:00:50Z,89982a6acf91b79a282a6b63978e946ee205f303fcd20e944e06baf0,60.16544,24.95398,0000000038d83d41,18.79
4062,2019-08-04T02:00:50Z,8c75c3289c84fe4493e1e272a77b615fe1985880c5dc68a7c1a17b53,60.16762,24.95415,000000006b44cce7,12.69
4063,2019-08-04T02:00:50Z,91d3b80de4439a4a49ddb8a04d72a0a2ec6c08f351d70232842af567,60.16762,24.95415,000000006b44cce7,31.5
4064,2019-08-04T02:00:50Z,96c0705b3062754c4e9afc471e280530de69c8820bac642f30d4022b,60.16762,24.95415,000000006b44cce7,21.87
4065,2019-08-04T02:00:50Z,a3b4b2c08d30b2cbabe32fd49bcbb4f45f50a3f0b0e74f856bedb831,60.16762,24.95415,000000006b44cce7,16.1
4066,2019-08-04T02:00:50Z,a91d379a4b57c5df22db0d7a041ff69f657b4b31f28554b1011fc03c,60.16544,24.95398,0000000038d83d41,29.32
4067,2019-08-04T02:00:50Z,b5fd6b317890e5ab2d79e2cd1abe61626d45a753c7337d0d40728898,60.16762,24.95415,000000006b44cce7,9.12
4068,2019-08-04T02:00:50Z,c40c37def6bf11a63a2556519a7c6233fd417cdeea2cf14f28e7c42c,60.16531,24.9442,00000000fdda10fe,27.28
4069,2019-08-04T02:00:50Z,c9cb2b9de2b21abecad29584393bea94a97f282f234f310e2468d7a7,60.16075,24.95883,00000000f1124bca,33.81
4070,2019-08-04T02:00:50Z,cf05623e4d87ce0906c0b0b7dbf53aacc1228016cd27c341228b6e76,60.18203,24.91341,00000000342570c2,18.79
4071,2019-08-04T02:00:50Z,d0bb9fef9a0ef26adcdd4732c9c20361bce49826f32c2892242831b8,60.16762,24.95415,000000006b44cce7,16.1
4072,2019-08-04T02:00:50Z,d3a7551bf49985224896e28a8242dbfe20c7a5e4642726a7febfce7b,60.17002,24.94407,000000006b087f40,31.5
4073,2019-08-04T02:00:50Z,f088630d7476dae7d4b7e2bb1f10575f2c89acb4b6e061f3d57c2b40,60.16531,24.9442,00000000fdda10fe,25.36
4074,2019-08-04T02:00:50Z,f1baf2e6f8f8efc9540b843a94791574ccbcb6268d9607cca31510af,60.16762,24.95415,000000006b44cce7,20.28
4075,2019-08-04T02:00:50Z,f6609ab1076b1105bb845595a03b41b8fbb282f79c337df5bbc9f841,60.14699,24.922,00000000a53ed894,11.7
4076,2019-08-04T02:00:50Z,f8c416f55164b687ab9cfd75fa477720c41f36c1f8b5f48a301b70b2,60.16544,24.95398,0000000038d83d41,33.81
4077,2019-08-04T02:00:50Z,fc4f3a44235f1cfc7b53f14ba2da599976a5a0a220d23b852688e485,60.17919,24.95181,000000007b5207b6,17.4
4078,2019-08-04T02:00:50Z,032a59647297ad5458cd75a64c6405172cebb8eb2f33b7ab5ce92c4b,60.17918,24.95141,00000000675d5200,25.36
4079,2019-08-04T02:00:50Z,046d88221ec15b64bcac02c9056c3cdd39e2ce29bc8cde90aa2d7ed9,60.16897,24.95222,00000000aa852af1,21.87
4080,2019-08-04T02:00:50Z,0486b4520285f3ca2132b986edabb7c19dfc5708a6c163ff40ed37b9,60.16448,24.97323,0000000053c6c2be,20.28
4081,2019-08-04T02:00:50Z,11acd771bb0e2f3b2f3e08a7f5e80f0f44e73a715bff0585bc669672,60.17002,24.94407,000000006b087f40,20.28
4082,2019-08-04T02:00:50Z,124a6ddd121114d11fcde48234ff0b8931d0f3fba2b00efd0948255c,60.16897,24.95222,00000000aa852af1,11.7
4083,2019-08-04T02:00:50Z,137a95acb1432cb5b163aa6e55df6f8d03cfd04b24a6938e6e4d659d,60.16762,24.95415,000000006b44cce7,8.38
4084,2019-08-04T02:00:50Z,1780f64a77699d00e2128b929079dfa4cbc3724f901639c7ca5049f1,60.16629,24.95957,00000000fb7600be,18.79
4085,2019-08-04T02:00:50Z,1aa73dffaca5316817bb5e72030443bd91b6347af865218d53cf5929,60.1538,24.95595,0000000038bf9618,41.64
4086,2019-08-04T02:00:50Z,1dacfb371d75dd4f90f447aac2a00faad98beb4188a6971c19eb2375,60.16629,24.95957,00000000fb7600be,27.28
4087,2019-08-04T02:00:50Z,26166cf5b9b16d54fc1561e096e46512a7b60243de6b9acdf28d33b1,60.16829,24.94214,00000000afef4555,25.36
4088,2019-08-04T02:00:50Z,2acdcfed6579c3f9a1683b1f56e28b2b7b75403200b054e6edd09fe7,60.1538,24.95595,0000000038bf9618,27.28
4089,2019-08-04T02:00:50Z,45f3f37f5104c27fc21a7db518e7a7f57b68709f23f02b5efa540f7a,60.14947,24.91438,000000004ef3150d,9.12
4090,2019-08-04T02:00:50Z,584cb0b0cdd14e608c8b57c8aecc9826f9b40027e365e2438a444ea2,60.16762,24.95415,000000006b44cce7,10.78
4091,2019-08-04T02:00:50Z,5a089a2b4bb3f5a34f57f2dcafd1462570fa59744c22e9b00735e8c6,60.1538,24.95595,0000000038bf9618,36.27
4092,2019-08-04T02:00:50Z,66e7412496e5ad9efd31af7a7f1a88e1fdcd371a60adfe516dd71704,60.16829,24.94214,00000000afef4555,29.32
4093,2019-08-04T02:00:50Z,699b48bb93c5befb62ff0686e75f158406b659f14daec16ab66d4499,60.15432,24.9211,0000000019fb59c4,29.32
4094,2019-08-04T02:00:50Z,6ff48066dbbd91fad556cf8d4584f5f79f7961521855734e82e4c187,60.16762,24.95415,000000006b44cce7,2.3
4095,2019-08-04T02:00:50Z,70cc7b0a8e166380ca0fbc55a58d9a59c9de9f05a9f95ebb82482d5a,60.16762,24.95415,000000006b44cce7,9.92
4096,2019-08-04T02:00:50Z,766fa923652ba92f13ab23349bce568d0b33dbf0ccdf7606e5e633ec,60.16531,24.9442,00000000fdda10fe,7.69
4097,2019-08-04T02:00:50Z,7af0c77f50a36fde55c6116ce6fc95063a67a5db61e827b85739d62d,60.16762,24.95415,000000006b44cce7,14.89
4098,2019-08-04T02:00:50Z,7b91d732042030189a304f65807ba95cf9e2445e16fd7666747e7e56,60.1538,24.95595,0000000038bf9618,27.28
4099,2019-08-04T02:00:50Z,7bafc9b6f74b521018b3c6eb85088f47050dae502879caa96dcb94a6,60.1538,24.95595,0000000038bf9618,16.1
4100,2019-08-04T02:00:50Z,8e7c2f7966c3527e6bc8f358d74a087474c6985f4d5dfc4546693416,60.16829,24.94214,00000000afef4555,17.4
4101,2019-08-04T02:00:50Z,9173442e2f747f902896659a35f9782497dbe91c8c5c8e5b2c712fba,60.16897,24.95222,00000000aa852af1,11.7
4102,2019-08-04T02:00:50Z,9313086be16704612615b82b0fb0a2bac8d249cbf373b54d85a5b3f1,60.1538,24.95595,0000000038bf9618,23.56
4103,2019-08-04T02:00:50Z,94fb0519469907d303095ced8eea82b15282bbaf6df970a9d4025cb2,60.17002,24.94407,000000006b087f40,25.36
4104,2019-08-04T02:00:50Z,965205f88f67731259a1cb0f30646c692cc570aacb006f98940dcd1c,60.17002,24.94407,000000006b087f40,27.28
4105,2019-08-04T02:00:50Z,9885232e95a8b6b4437174be089c6af71b1fe0bddfea879d306b3041,60.17002,24.94407,000000006b087f40,14.89
4106,2019-08-04T02:00:50Z,9aa6011401452463ec819f07785394855c0b49c418b8e19d5fc768df,60.1538,24.95595,0000000038bf9618,27.28
4107,2019-08-04T02:00:50Z,a6ef5803703844038809924894eda35e25c165a826ee9c3f14bc41d7,60.17919,24.95181,000000007b5207b6,16.1
4108,2019-08-04T02:00:50Z,aa1d7752e4be44a55f5bfc8df2f6c278afe69b5b19b79702a22908f8,60.1538,24.95595,0000000038bf9618,33.81
4109,2019-08-04T02:00:50Z,abde1ce60ef19a41508ac1f9661c3dec611550421c09cc568ced193f,60.17002,24.94407,000000006b087f40,13.75
4110,2019-08-04T02:00:50Z,b38900c896751899e1c20c791610870bbbde7839746846d07481e0c7,60.16829,24.94214,00000000afef4555,21.87
4111,2019-08-04T02:00:50Z,bc07df8cc395f6f4f5d483b2233caca5f93a6918f346e4cc3702f8cc,60.16531,24.9442,00000000fdda10fe,9.92
4112,2019-08-04T02:00:50Z,cf01a59875fd999d9698c266b7634a09f9264a5ff26a1c3c48af9069,60.17002,24.94407,000000006b087f40,27.28
4113,2019-08-04T02:00:50Z,d00f32677e342c7dcb88c9fa30272e08ec9a4f49d8006dffbf598a03,60.16762,24.95415,000000006b44cce7,18.79
4114,2019-08-04T02:00:50Z,e1bc48d02d172fa89085656433b35028a10ff453a3261a2634984559,60.149,24.9843,00000000fffb8cf0,16.1
4115,2019-08-04T02:00:50Z,e30c8d515f787275f7e911287d598f569fcfc5092a203f4c001d0dc6,60.16762,24.95415,000000006b44cce7,36.27
4116,2019-08-04T02:00:50Z,e522f5ea0e78869628ae6c0eeb1d11f2751b751d753bb2cf8e0c1587,60.17002,24.94407,000000006b087f40,36.27
4117,2019-08-04T02:00:50Z,e5b564cf327f7db10f48bff6a13bbcb59e968da0f12c91756dfdfc09,60.16762,24.95415,000000006b44cce7,21.87
4118,2019-08-04T02:00:50Z,e66dee158121004b2a8098c673bc0d10944147d07f5f738cb9dd32be,60.16829,24.94214,00000000afef4555,44.58
4119,2019-08-04T02:00:50Z,e7baeb3fa75db84982c28c08efcf29a123618b687c634aae2f7a2b1a,60.16531,24.9442,00000000fdda10fe,23.56
4120,2019-08-04T02:00:50Z,ecd3f6878f10e201456713c185926a3d85ae8b5eb2484b73f155ec5a,60.16531,24.9442,00000000fdda10fe,9.92
4121,2019-08-04T02:00:50Z,f2f62de93f5e3596a61d41a7fe5f0a10b2a73b89597cc33137ff5d2f,60.16829,24.94214,00000000afef4555,25.36
4122,2019-08-04T02:00:50Z,f39586246b349fd26e26b06bfdbf9149d03895270dfe4268dd7a6848,60.1538,24.95595,0000000038bf9618,17.4
4123,2019-08-04T02:00:50Z,f8273595f5e5729d41d9da6b8dd60a5b3bd34f343f1ffe267c18d619,60.16762,24.95415,000000006b44cce7,10.78
4124,2019-08-04T02:00:50Z,f9399339c3de44774896319d3f291771cebcaf2666df1d6062469882,60.16531,24.9442,00000000fdda10fe,31.5
4125,2019-08-04T02:00:51Z,14c7e1511b70f4dd3359cbece1377aebb4d70531f5489eefe53d7c3c,60.16544,24.95398,0000000038d83d41,21.87
4126,2019-08-04T02:00:51Z,165ebbb4090d47319ae370f0d0854fdc1f6b79499f8b2e4d3c3533c0,60.16544,24.95398,0000000038d83d41,36.27
4127,2019-08-04T02:00:51Z,297c725b456ef12d2712634b21546721cbe93224d3a5762d897404f2,60.16762,24.95415,000000006b44cce7,12.69
4128,2019-08-04T02:00:51Z,3944bc7a301be7241d1f7bc4a97f221000d535ce3d8a9af9af9b23b5,60.16531,24.9442,00000000fdda10fe,25.36
4129,2019-08-04T02:00:51Z,43b676ed3aef4c2d8846694817e76117873be52e7f788e0cb366c1c4,60.16629,24.95957,00000000fb7600be,23.56
4130,2019-08-04T02:00:51Z,43ea43e1aaac8d6d523965f79fd32aa5e5942a98e66e9b6dbaf67f8d,60.16897,24.95222,00000000aa852af1,27.28
4131,2019-08-04T02:00:51Z,5c833bdbbf1fd3a307bb37daa4021d8b3d3342b1552dcc0989fe9b16,60.16762,24.95415,000000006b44cce7,21.87
4132,2019-08-04T02:00:51Z,5d65719c4cbf045f068d084b72302f447d5fd034413d97d13be00d0e,60.18203,24.91341,00000000342570c2,17.4
4133,2019-08-04T02:00:51Z,6066632ddc94b5c482a2d4f45ed2532e55e3fd63e414a084a596a737,60.16762,24.95415,000000006b44cce7,17.4
4134,2019-08-04T02:00:51Z,6a70e2fbced719333e21eff04fcb9cb36bae9a04d1a3d6ddd96f2c58,60.15432,24.9211,0000000019fb59c4,18.79
4135,2019-08-04T02:00:51Z,6ff437688c444238352c28f64f9d2a7d0f14d19c9ea42c225380501e,60.16762,24.95415,000000006b44cce7,21.87
4136,2019-08-04T02:00:51Z,747f2d1ebff218c0ebbdc0fdaef4cbe56633dfb46ae1b1f8c8142201,60.16762,24.95415,000000006b44cce7,13.75
4137,2019-08-04T02:00:51Z,79f136afa0dd8717337c01c70b457c464aaf0fa25b440f51a394ec23,60.16762,24.95415,000000006b44cce7,11.7
4138,2019-08-04T02:00:51Z,7de75f59d3110cdf6e742fba9785ed0399f83ea50e4c5d255adb21ff,60.16897,24.95222,00000000aa852af1,18.79
4139,2019-08-04T02:00:51Z,87dfaad29a9276ddddb1fa021d3bc23ad14824c1af16f7d87e713689,60.14951,24.92138,0000000006dd41f6,10.78
4140,2019-08-04T02:00:51Z,8c75c3289c84fe4493e1e272a77b615fe1985880c5dc68a7c1a17b53,60.16762,24.95415,000000006b44cce7,10.78
4141,2019-08-04T02:00:51Z,91d3b80de4439a4a49ddb8a04d72a0a2ec6c08f351d70232842af567,60.16762,24.95415,000000006b44cce7,23.56
4142,2019-08-04T02:00:51Z,96c0705b3062754c4e9afc471e280530de69c8820bac642f30d4022b,60.16762,24.95415,000000006b44cce7,27.28
4143,2019-08-04T02:00:51Z,a3b4b2c08d30b2cbabe32fd49bcbb4f45f50a3f0b0e74f856bedb831,60.16762,24.95415,000000006b44cce7,17.4
4144,2019-08-04T02:00:51Z,a91d379a4b57c5df22db0d7a041ff69f657b4b31f28554b1011fc03c,60.16544,24.95398,0000000038d83d41,25.36
4145,2019-08-04T02:00:51Z,b33ae7715d6d2571066655c2c8954a5a364b5601869047de83410d9f,60.16629,24.95957,00000000fb7600be,21.87
4146,2019-08-04T02:00:51Z,b5026d7cf52e7ab96df2ba76a516d819fb11765e520b765d373d186b,60.16448,24.97323,0000000053c6c2be,25.36
4147,2019-08-04T02:00:51Z,b5fd6b317890e5ab2d79e2cd1abe61626d45a753c7337d0d40728898,60.16762,24.95415,000000006b44cce7,9.92
4148,2019-08-04T02:00:51Z,c40c37def6bf11a63a2556519a7c6233fd417cdeea2cf14f28e7c42c,60.16531,24.9442,00000000fdda10fe,25.36
4149,2019-08-04T02:00:51Z,c578a1f266f1ac8f40756ab095d6d81719f90b3a1d4c4808f72ce963,60.14951,24.92138,0000000006dd41f6,29.32
4150,2019-08-04T02:00:51Z,c9cb2b9de2b21abecad29584393bea94a97f282f234f310e2468d7a7,60.16075,24.95883,00000000f1124bca,36.27
4151,2019-08-04T02:00:51Z,cf05623e4d87ce0906c0b0b7dbf53aacc1228016cd27c341228b6e76,60.18203,24.91341,00000000342570c2,18.79
4152,2019-08-04T02:00:51Z,d0bb9fef9a0ef26adcdd4732c9c20361bce49826f32c2892242831b8,60.16762,24.95415,000000006b44cce7,14.89
4153,2019-08-04T02:00:51Z,f088630d7476dae7d4b7e2bb1f10575f2c89acb4b6e061f3d57c2b40,60.16531,24.9442,00000000fdda10fe,25.36
4154,2019-08-04T02:00:51Z,f1baf2e6f8f8efc9540b843a94791574ccbcb6268d9607cca31510af,60.16762,24.95415,000000006b44cce7,33.81
4155,2019-08-04T02:00:51Z,f6609ab1076b1105bb845595a03b41b8fbb282f79c337df5bbc9f841,60.14699,24.922,00000000a53ed894,14.89
4156,2019-08-04T02:00:51Z,fc4f3a44235f1cfc7b53f14ba2da599976a5a0a220d23b852688e485,60.17918,24.95141,00000000675d5200,31.5
4157,2019-08-04T02:00:51Z,032a59647297ad5458cd75a64c6405172cebb8eb2f33b7ab5ce92c4b,60.17918,24.95141,00000000675d5200,16.1
4158,2019-08-04T02:00:51Z,046d88221ec15b64bcac02c9056c3cdd39e2ce29bc8cde90aa2d7ed9,60.16897,24.95222,00000000aa852af1,20.28
4159,2019-08-04T02:00:51Z,0486b4520285f3ca2132b986edabb7c19dfc5708a6c163ff40ed37b9,60.16448,24.97323,0000000053c6c2be,18.79
4160,2019-08-04T02:00:51Z,11acd771bb0e2f3b2f3e08a7f5e80f0f44e73a715bff0585bc669672,60.17002,24.94407,000000006b087f40,25.36
4161,2019-08-04T02:00:51Z,124a6ddd121114d11fcde48234ff0b8931d0f3fba2b00efd0948255c,60.16897,24.95222,00000000aa852af1,16.1
4162,2019-08-04T02:00:51Z,137a95acb1432cb5b163aa6e55df6f8d03cfd04b24a6938e6e4d659d,60.16762,24.95415,000000006b44cce7,2.08
4163,2019-08-04T02:00:51Z,1780f64a77699d00e2128b929079dfa4cbc3724f901639c7ca5049f1,60.16629,24.95957,00000000fb7600be,14.89
4164,2019-08-04T02:00:51Z,201bf4fc7952b70f96689a812948e3ad6bc7074c06604d4a1afa0b8e,60.17002,24.94407,000000006b087f40,21.87
4165,2019-08-04T02:00:51Z,2696f6a462520c8284659d993a9bf0545c2b2f278e1538f7f60dd1d3,60.17002,24.94407,000000006b087f40,11.7
4166,2019-08-04T02:00:51Z,2acdcfed6579c3f9a1683b1f56e28b2b7b75403200b054e6edd09fe7,60.1538,24.95595,0000000038bf9618,12.69
4167,2019-08-04T02:00:51Z,3846b2c6d16e1148505ccccee3bd759ac2f11b875ed06eb3e03b51f1,60.17002,24.94407,000000006b087f40,31.5
4168,2019-08-04T02:00:51Z,406c8df3855d308047a12843434f2fac7dc6a2dba12c20edbdf06606,60.1538,24.95595,0000000038bf9618,6.46
4169,2019-08-04T02:00:51Z,45f3f37f5104c27fc21a7db518e7a7f57b68709f23f02b5efa540f7a,60.14947,24.91438,000000004ef3150d,14.89
4170,2019-08-04T02:00:51Z,584cb0b0cdd14e608c8b57c8aecc9826f9b40027e365e2438a444ea2,60.16762,24.95415,000000006b44cce7,11.7
4171,2019-08-04T02:00:51Z,58b7c53decdf23347782d6442cb4349ee5312db1d5ba8da9e4c2af25,60.16762,24.95415,000000006b44cce7,20.28
4172,2019-08-04T02:00:51Z,699b48bb93c5befb62ff0686e75f158406b659f14daec16ab66d4499,60.15432,24.9211,0000000019fb59c4,17.4
4173,2019-08-04T02:00:51Z,6ff48066dbbd91fad556cf8d4584f5f79f7961521855734e82e4c187,60.16762,24.95415,000000006b44cce7,2.54
4174,2019-08-04T02:00:51Z,70cc7b0a8e166380ca0fbc55a58d9a59c9de9f05a9f95ebb82482d5a,60.16762,24.95415,000000006b44cce7,14.89
4175,2019-08-04T02:00:51Z,766fa923652ba92f13ab23349bce568d0b33dbf0ccdf7606e5e633ec,60.16531,24.9442,00000000fdda10fe,5.91
4176,2019-08-04T02:00:51Z,7a0f425ccdf5813a089dd619056db4cf41173803f079c37bab520825,60.18203,24.91341,00000000342570c2,29.32
4177,2019-08-04T02:00:51Z,7af0c77f50a36fde55c6116ce6fc95063a67a5db61e827b85739d62d,60.16762,24.95415,000000006b44cce7,13.75
4178,2019-08-04T02:00:51Z,7b91d732042030189a304f65807ba95cf9e2445e16fd7666747e7e56,60.1538,24.95595,0000000038bf9618,11.7
4179,2019-08-04T02:00:51Z,7bafc9b6f74b521018b3c6eb85088f47050dae502879caa96dcb94a6,60.1538,24.95595,0000000038bf9618,27.28
4180,2019-08-04T02:00:51Z,8b49994992a96e97c5f92629f1aca931941db8b36050ac6b25c3c67f,60.16897,24.95222,00000000aa852af1,18.79
4181,2019-08-04T02:00:51Z,8e7c2f7966c3527e6bc8f358d74a087474c6985f4d5dfc4546693416,60.16829,24.94214,00000000afef4555,31.5
4182,2019-08-04T02:00:51Z,9173442e2f747f902896659a35f9782497dbe91c8c5c8e5b2c712fba,60.16897,24.95222,00000000aa852af1,12.69
4183,2019-08-04T02:00:51Z,9313086be16704612615b82b0fb0a2bac8d249cbf373b54d85a5b3f1,60.1538,24.95595,0000000038bf9618,29.32
4184,2019-08-04T02:00:51Z,94fb0519469907d303095ced8eea82b15282bbaf6df970a9d4025cb2,60.17002,24.94407,000000006b087f40,27.28
4185,2019-08-04T02:00:51Z,965205f88f67731259a1cb0f30646c692cc570aacb006f98940dcd1c,60.17002,24.94407,000000006b087f40,27.28
4186,2019-08-04T02:00:51Z,9885232e95a8b6b4437174be089c6af71b1fe0bddfea879d306b3041,60.17002,24.94407,000000006b087f40,16.1
4187,2019-08-04T02:00:51Z,9aa6011401452463ec819f07785394855c0b49c418b8e19d5fc768df,60.1538,24.95595,0000000038bf9618,25.36
4188,2019-08-04T02:00:51Z,a6ef5803703844038809924894eda35e25c165a826ee9c3f14bc41d7,60.17918,24.95141,00000000675d5200,9.92
4189,2019-08-04T02:00:51Z,aa1d7752e4be44a55f5bfc8df2f6c278afe69b5b19b79702a22908f8,60.1538,24.95595,0000000038bf9618,33.81
4190,2019-08-04T02:00:51Z,abde1ce60ef19a41508ac1f9661c3dec611550421c09cc568ced193f,60.17002,24.94407,000000006b087f40,16.1
4191,2019-08-04T02:00:51Z,b38900c896751899e1c20c791610870bbbde7839746846d07481e0c7,60.16829,24.94214,00000000afef4555,16.1
4192,2019-08-04T02:00:51Z,b6b900b0eb62ba369c75a8851299367b1ebd94fbf19ccfa3d5466248,60.1538,24.95595,0000000038bf9618,29.32
4193,2019-08-04T02:00:51Z,bc07df8cc395f6f4f5d483b2233caca5f93a6918f346e4cc3702f8cc,60.16531,24.9442,00000000fdda10fe,7.69
4194,2019-08-04T02:00:51Z,c0a0ca3433586ed2ae0e448f2406fabac7292ac79d49562e0bd5cef8,60.16762,24.95415,000000006b44cce7,12.69
4195,2019-08-04T02:00:51Z,c9ce14e0dbf0cf3c24f6a92a1930fa32de9a1de0ffe63082ccddb0d6,60.16448,24.97323,0000000053c6c2be,23.56
4196,2019-08-04T02:00:51Z,d00f32677e342c7dcb88c9fa30272e08ec9a4f49d8006dffbf598a03,60.16762,24.95415,000000006b44cce7,21.87
4197,2019-08-04T02:00:51Z,d6ad6fb5be8355cc1f877358ec4f09a2ba3df7c177e331113ef376a1,60.16829,24.94214,00000000afef4555,23.56
4198,2019-08-04T02:00:51Z,dc2e0f02adb13656668baaf52c062c10202521cf47f04a2c106becdd,60.16531,24.9442,00000000fdda10fe,27.28
4199,2019-08-04T02:00:51Z,e1bc48d02d172fa89085656433b35028a10ff453a3261a2634984559,60.149,24.9843,00000000fffb8cf0,16.1
4200,2019-08-04T02:00:51Z,e5b564cf327f7db10f48bff6a13bbcb59e968da0f12c91756dfdfc09,60.16762,24.95415,000000006b44cce7,21.87
4201,2019-08-04T02:00:51Z,e66dee158121004b2a8098c673bc0d10944147d07f5f738cb9dd32be,60.16829,24.94214,00000000afef4555,23.56
4202,2019-08-04T02:00:51Z,ecd3f6878f10e201456713c185926a3d85ae8b5eb2484b73f155ec5a,60.16531,24.9442,00000000fdda10fe,7.05
4203,2019-08-04T02:00:51Z,ed3b2eaece7e8846b296ad5c3f195aafb7410c95a88887d845982981,60.16762,24.95415,000000006b44cce7,17.4
4204,2019-08-04T02:00:51Z,f2f62de93f5e3596a61d41a7fe5f0a10b2a73b89597cc33137ff5d2f,60.16829,24.94214,00000000afef4555,25.36
4205,2019-08-04T02:00:51Z,f39586246b349fd26e26b06bfdbf9149d03895270dfe4268dd7a6848,60.1538,24.95595,0000000038bf9618,21.87
4206,2019-08-04T02:00:52Z,14c7e1511b70f4dd3359cbece1377aebb4d70531f5489eefe53d7c3c,60.16544,24.95398,0000000038d83d41,23.56
4207,2019-08-04T02:00:52Z,165ebbb4090d47319ae370f0d0854fdc1f6b79499f8b2e4d3c3533c0,60.16544,24.95398,0000000038d83d41,27.28
4208,2019-08-04T02:00:52Z,297c725b456ef12d2712634b21546721cbe93224d3a5762d897404f2,60.16762,24.95415,000000006b44cce7,12.69
4209,2019-08-04T02:00:52Z,43b676ed3aef4c2d8846694817e76117873be52e7f788e0cb366c1c4,60.16629,24.95957,00000000fb7600be,23.56
4210,2019-08-04T02:00:52Z,43ea43e1aaac8d6d523965f79fd32aa5e5942a98e66e9b6dbaf67f8d,60.16897,24.95222,00000000aa852af1,12.69
4211,2019-08-04T02:00:52Z,5bbb5184fded3e51bc78e45e39917794285e6bbc72da404802a9599a,60.16531,24.9442,00000000fdda10fe,21.87
4212,2019-08-04T02:00:52Z,5c833bdbbf1fd3a307bb37daa4021d8b3d3342b1552dcc0989fe9b16,60.16762,24.95415,000000006b44cce7,11.7
4213,2019-08-04T02:00:52Z,5d65719c4cbf045f068d084b72302f447d5fd034413d97d13be00d0e,60.18203,24.91341,00000000342570c2,18.79
4214,2019-08-04T02:00:52Z,6066632ddc94b5c482a2d4f45ed2532e55e3fd63e414a084a596a737,60.16762,24.95415,000000006b44cce7,16.1
4215,2019-08-04T02:00:52Z,66dabd3229229330d23c70e9e1737429ddfe69db01f4a6a00f70fa20,60.16762,24.95415,000000006b44cce7,18.79
4216,2019-08-04T02:00:52Z,6a70e2fbced719333e21eff04fcb9cb36bae9a04d1a3d6ddd96f2c58,60.15432,24.9211,0000000019fb59c4,20.28
4217,2019-08-04T02:00:52Z,6c4c3fd8fa1c46dafdf6c420406a7ed41d85ebbdee767b1937ce6af0,60.16762,24.95415,000000006b44cce7,33.81
4218,2019-08-04T02:00:52Z,6f06341f358e61699fe1e55e986dd0554bc8da28b91daf0c5ad99db6,60.16629,24.95957,00000000fb7600be,20.28
4219,2019-08-04T02:00:52Z,6ff437688c444238352c28f64f9d2a7d0f14d19c9ea42c225380501e,60.16762,24.95415,000000006b44cce7,18.79
4220,2019-08-04T02:00:52Z,747f2d1ebff218c0ebbdc0fdaef4cbe56633dfb46ae1b1f8c8142201,60.16762,24.95415,000000006b44cce7,12.69
4221,2019-08-04T02:00:52Z,7986470a464b3209b8bd8128aa284404949b052dd423b443746edcff,60.14951,24.92138,0000000006dd41f6,36.27
4222,2019-08-04T02:00:52Z,79f136afa0dd8717337c01c70b457c464aaf0fa25b440f51a394ec23,60.16762,24.95415,000000006b44cce7,29.32
4223,2019-08-04T02:00:52Z,7de75f59d3110cdf6e742fba9785ed0399f83ea50e4c5d255adb21ff,60.16897,24.95222,00000000aa852af1,21.87
4224,2019-08-04T02:00:52Z,87dfaad29a9276ddddb1fa021d3bc23ad14824c1af16f7d87e713689,60.14951,24.92138,0000000006dd41f6,10.78
4225,2019-08-04T02:00:52Z,89982a6acf91b79a282a6b63978e946ee205f303fcd20e944e06baf0,60.16544,24.95398,0000000038d83d41,31.5
4226,2019-08-04T02:00:52Z,8c75c3289c84fe4493e1e272a77b615fe1985880c5dc68a7c1a17b53,60.16762,24.95415,000000006b44cce7,14.89
4227,2019-08-04T02:00:52Z,96c0705b3062754c4e9afc471e280530de69c8820bac642f30d4022b,60.16762,24.95415,000000006b44cce7,25.36
4228,2019-08-04T02:00:52Z,a28ab699dc505d3a0c490fae63a8ebb958574e13f1f64250d91db769,60.16762,24.95415,000000006b44cce7,27.28
4229,2019-08-04T02:00:52Z,a3b4b2c08d30b2cbabe32fd49bcbb4f45f50a3f0b0e74f856bedb831,60.16762,24.95415,000000006b44cce7,9.92
4230,2019-08-04T02:00:52Z,a91d379a4b57c5df22db0d7a041ff69f657b4b31f28554b1011fc03c,60.16544,24.95398,0000000038d83d41,27.28
4231,2019-08-04T02:00:52Z,b33ae7715d6d2571066655c2c8954a5a364b5601869047de83410d9f,60.16629,24.95957,00000000fb7600be,21.87
4232,2019-08-04T02:00:52Z,b5fd6b317890e5ab2d79e2cd1abe61626d45a753c7337d0d40728898,60.16762,24.95415,000000006b44cce7,5.91
4233,2019-08-04T02:00:52Z,c9cb2b9de2b21abecad29584393bea94a97f282f234f310e2468d7a7,60.16075,24.95883,00000000f1124bca,29.32
4234,2019-08-04T02:00:52Z,cf05623e4d87ce0906c0b0b7dbf53aacc1228016cd27c341228b6e76,60.18203,24.91341,00000000342570c2,17.4
4235,2019-08-04T02:00:52Z,f088630d7476dae7d4b7e2bb1f10575f2c89acb4b6e061f3d57c2b40,60.16531,24.9442,00000000fdda10fe,25.36
4236,2019-08-04T02:00:52Z,f6609ab1076b1105bb845595a03b41b8fbb282f79c337df5bbc9f841,60.14699,24.922,00000000a53ed894,11.7
4237,2019-08-04T02:00:52Z,fc4f3a44235f1cfc7b53f14ba2da599976a5a0a220d23b852688e485,60.17918,24.95141,00000000675d5200,38.87
4238,2019-08-04T02:00:52Z,032a59647297ad5458cd75a64c6405172cebb8eb2f33b7ab5ce92c4b,60.17918,24.95141,00000000675d5200,14.89
4239,2019-08-04T02:00:52Z,046d88221ec15b64bcac02c9056c3cdd39e2ce29bc8cde90aa2d7ed9,60.16897,24.95222,00000000aa852af1,23.56
4240,2019-08-04T02:00:52Z,11acd771bb0e2f3b2f3e08a7f5e80f0f44e73a715bff0585bc669672,60.17002,24.94407,000000006b087f40,41.64
4241,2019-08-04T02:00:52Z,137a95acb1432cb5b163aa6e55df6f8d03cfd04b24a6938e6e4d659d,60.16762,24.95415,000000006b44cce7,2.3
4242,2019-08-04T02:00:52Z,1780f64a77699d00e2128b929079dfa4cbc3724f901639c7ca5049f1,60.16629,24.95957,00000000fb7600be,17.4
4243,2019-08-04T02:00:52Z,1dacfb371d75dd4f90f447aac2a00faad98beb4188a6971c19eb2375,60.16629,24.95957,00000000fb7600be,23.56
4244,2019-08-04T02:00:52Z,201bf4fc7952b70f96689a812948e3ad6bc7074c06604d4a1afa0b8e,60.17002,24.94407,000000006b087f40,21.87
4245,2019-08-04T02:00:52Z,2acdcfed6579c3f9a1683b1f56e28b2b7b75403200b054e6edd09fe7,60.1538,24.95595,0000000038bf9618,23.56
4246,2019-08-04T02:00:52Z,30fa308b62f0b2690eb8de9a8dcd711bb02917322258ed95a7c50362,60.17002,24.94407,000000006b087f40,33.81
4247,2019-08-04T02:00:52Z,45f3f37f5104c27fc21a7db518e7a7f57b68709f23f02b5efa540f7a,60.14947,24.91438,000000004ef3150d,13.75
4248,2019-08-04T02:00:52Z,584cb0b0cdd14e608c8b57c8aecc9826f9b40027e365e2438a444ea2,60.16762,24.95415,000000006b44cce7,13.75
4249,2019-08-04T02:00:52Z,58b7c53decdf23347782d6442cb4349ee5312db1d5ba8da9e4c2af25,60.16762,24.95415,000000006b44cce7,18.79
4250,2019-08-04T02:00:52Z,67326e589761ef138e87629ae64ac0a35cc136b5aedf9baf33acb24b,60.16829,24.94214,00000000afef4555,31.5
4251,2019-08-04T02:00:52Z,6ff48066dbbd91fad556cf8d4584f5f79f7961521855734e82e4c187,60.16762,24.95415,000000006b44cce7,1.54
4252,2019-08-04T02:00:52Z,70cc7b0a8e166380ca0fbc55a58d9a59c9de9f05a9f95ebb82482d5a,60.16762,24.95415,000000006b44cce7,10.78
4253,2019-08-04T02:00:52Z,74cb545f76f0bfc5498607247e26e814276a11ce91f77208054ecbc5,60.17002,24.94407,000000006b087f40,23.56
4254,2019-08-04T02:00:52Z,766fa923652ba92f13ab23349bce568d0b33dbf0ccdf7606e5e633ec,60.16531,24.9442,00000000fdda10fe,2.8
4255,2019-08-04T02:00:52Z,7af0c77f50a36fde55c6116ce6fc95063a67a5db61e827b85739d62d,60.16762,24.95415,000000006b44cce7,14.89
4256,2019-08-04T02:00:52Z,7b91d732042030189a304f65807ba95cf9e2445e16fd7666747e7e56,60.1538,24.95595,0000000038bf9618,12.69
4257,2019-08-04T02:00:52Z,7bafc9b6f74b521018b3c6eb85088f47050dae502879caa96dcb94a6,60.1538,24.95595,0000000038bf9618,14.89
4258,2019-08-04T02:00:52Z,8b49994992a96e97c5f92629f1aca931941db8b36050ac6b25c3c67f,60.16897,24.95222,00000000aa852af1,14.89
4259,2019-08-04T02:00:52Z,9173442e2f747f902896659a35f9782497dbe91c8c5c8e5b2c712fba,60.16897,24.95222,00000000aa852af1,11.7
4260,2019-08-04T02:00:52Z,9885232e95a8b6b4437174be089c6af71b1fe0bddfea879d306b3041,60.17002,24.94407,000000006b087f40,13.75
4261,2019-08-04T02:00:52Z,9aa6011401452463ec819f07785394855c0b49c418b8e19d5fc768df,60.1538,24.95595,0000000038bf9618,31.5
4262,2019-08-04T02:00:52Z,a6ef5803703844038809924894eda35e25c165a826ee9c3f14bc41d7,60.17918,24.95141,00000000675d5200,7.05
4263,2019-08-04T02:00:52Z,aa1d7752e4be44a55f5bfc8df2f6c278afe69b5b19b79702a22908f8,60.1538,24.95595,0000000038bf9618,36.27
4264,2019-08-04T02:00:52Z,abde1ce60ef19a41508ac1f9661c3dec611550421c09cc568ced193f,60.17002,24.94407,000000006b087f40,25.36
4265,2019-08-04T02:00:52Z,b38900c896751899e1c20c791610870bbbde7839746846d07481e0c7,60.16829,24.94214,00000000afef4555,21.87
4266,2019-08-04T02:00:52Z,b6b900b0eb62ba369c75a8851299367b1ebd94fbf19ccfa3d5466248,60.1538,24.95595,0000000038bf9618,21.87
4267,2019-08-04T02:00:52Z,bc07df8cc395f6f4f5d483b2233caca5f93a6918f346e4cc3702f8cc,60.16531,24.9442,00000000fdda10fe,7.05
4268,2019-08-04T02:00:52Z,c0a0ca3433586ed2ae0e448f2406fabac7292ac79d49562e0bd5cef8,60.16762,24.95415,000000006b44cce7,31.5
4269,2019-08-04T02:00:52Z,d00f32677e342c7dcb88c9fa30272e08ec9a4f49d8006dffbf598a03,60.16762,24.95415,000000006b44cce7,20.28
4270,2019-08-04T02:00:52Z,d6ad6fb5be8355cc1f877358ec4f09a2ba3df7c177e331113ef376a1,60.16829,24.94214,00000000afef4555,47.69
4271,2019-08-04T02:00:52Z,e1bc48d02d172fa89085656433b35028a10ff453a3261a2634984559,60.149,24.9843,00000000fffb8cf0,17.4
4272,2019-08-04T02:00:52Z,e30c8d515f787275f7e911287d598f569fcfc5092a203f4c001d0dc6,60.16762,24.95415,000000006b44cce7,18.79
4273,2019-08-04T02:00:52Z,ecd3f6878f10e201456713c185926a3d85ae8b5eb2484b73f155ec5a,60.16531,24.9442,00000000fdda10fe,7.05
4274,2019-08-04T02:00:52Z,ed3b2eaece7e8846b296ad5c3f195aafb7410c95a88887d845982981,60.16762,24.95415,000000006b44cce7,17.4
4275,2019-08-04T02:00:52Z,f2f62de93f5e3596a61d41a7fe5f0a10b2a73b89597cc33137ff5d2f,60.16829,24.94214,00000000afef4555,11.7
4276,2019-08-04T02:00:52Z,f8273595f5e5729d41d9da6b8dd60a5b3bd34f343f1ffe267c18d619,60.16762,24.95415,000000006b44cce7,16.1
4277,2019-08-04T02:00:52Z,f9e28a5bfffbfa5e1f903d0e09d25b9b1f72e0e7217cb6c8ffef7d50,60.16829,24.94214,00000000afef4555,31.5
4278,2019-08-04T02:00:53Z,14c7e1511b70f4dd3359cbece1377aebb4d70531f5489eefe53d7c3c,60.16544,24.95398,0000000038d83d41,25.36
4279,2019-08-04T02:00:53Z,165ebbb4090d47319ae370f0d0854fdc1f6b79499f8b2e4d3c3533c0,60.16544,24.95398,0000000038d83d41,27.28
4280,2019-08-04T02:00:53Z,297c725b456ef12d2712634b21546721cbe93224d3a5762d897404f2,60.16762,24.95415,000000006b44cce7,23.56
4281,2019-08-04T02:00:53Z,3944bc7a301be7241d1f7bc4a97f221000d535ce3d8a9af9af9b23b5,60.16531,24.9442,00000000fdda10fe,31.5
4282,2019-08-04T02:00:53Z,43b676ed3aef4c2d8846694817e76117873be52e7f788e0cb366c1c4,60.16629,24.95957,00000000fb7600be,25.36
4283,2019-08-04T02:00:53Z,43ea43e1aaac8d6d523965f79fd32aa5e5942a98e66e9b6dbaf67f8d,60.16897,24.95222,00000000aa852af1,25.36
4284,2019-08-04T02:00:53Z,5bbb5184fded3e51bc78e45e39917794285e6bbc72da404802a9599a,60.16531,24.9442,00000000fdda10fe,21.87
4285,2019-08-04T02:00:53Z,5c833bdbbf1fd3a307bb37daa4021d8b3d3342b1552dcc0989fe9b16,60.16762,24.95415,000000006b44cce7,10.78
4286,2019-08-04T02:00:53Z,5d65719c4cbf045f068d084b72302f447d5fd034413d97d13be00d0e,60.18203,24.91341,00000000342570c2,17.4
4287,2019-08-04T02:00:53Z,6066632ddc94b5c482a2d4f45ed2532e55e3fd63e414a084a596a737,60.16762,24.95415,000000006b44cce7,21.87
4288,2019-08-04T02:00:53Z,6a70e2fbced719333e21eff04fcb9cb36bae9a04d1a3d6ddd96f2c58,60.15432,24.9211,0000000019fb59c4,29.32
4289,2019-08-04T02:00:53Z,6f06341f358e61699fe1e55e986dd0554bc8da28b91daf0c5ad99db6,60.16629,24.95957,00000000fb7600be,23.56
4290,2019-08-04T02:00:53Z,747f2d1ebff218c0ebbdc0fdaef4cbe56633dfb46ae1b1f8c8142201,60.16762,24.95415,000000006b44cce7,13.75
4291,2019-08-04T02:00:53Z,79f136afa0dd8717337c01c70b457c464aaf0fa25b440f51a394ec23,60.16762,24.95415,000000006b44cce7,25.36
4292,2019-08-04T02:00:53Z,7de75f59d3110cdf6e742fba9785ed0399f83ea50e4c5d255adb21ff,60.16897,24.95222,00000000aa852af1,20.28
4293,2019-08-04T02:00:53Z,87dfaad29a9276ddddb1fa021d3bc23ad14824c1af16f7d87e713689,60.14951,24.92138,0000000006dd41f6,11.7
4294,2019-08-04T02:00:53Z,89982a6acf91b79a282a6b63978e946ee205f303fcd20e944e06baf0,60.16544,24.95398,0000000038d83d41,29.32
4295,2019-08-04T02:00:53Z,8c75c3289c84fe4493e1e272a77b615fe1985880c5dc68a7c1a17b53,60.16762,24.95415,000000006b44cce7,12.69
4296,2019-08-04T02:00:53Z,91d3b80de4439a4a49ddb8a04d72a0a2ec6c08f351d70232842af567,60.16762,24.95415,000000006b44cce7,21.87
4297,2019-08-04T02:00:53Z,96c0705b3062754c4e9afc471e280530de69c8820bac642f30d4022b,60.16762,24.95415,000000006b44cce7,21.87
4298,2019-08-04T02:00:53Z,a3a21ef15e1883941a7ed2eb6150357ae068aa4b0b6ce6ca0482ea3a,60.1538,24.95595,0000000038bf9618,38.87
4299,2019-08-04T02:00:53Z,a91d379a4b57c5df22db0d7a041ff69f657b4b31f28554b1011fc03c,60.16544,24.95398,0000000038d83d41,29.32
4300,2019-08-04T02:00:53Z,b33ae7715d6d2571066655c2c8954a5a364b5601869047de83410d9f,60.16629,24.95957,00000000fb7600be,21.87
4301,2019-08-04T02:00:53Z,b5fd6b317890e5ab2d79e2cd1abe61626d45a753c7337d0d40728898,60.16762,24.95415,000000006b44cce7,9.92
4302,2019-08-04T02:00:53Z,c9cb2b9de2b21abecad29584393bea94a97f282f234f310e2468d7a7,60.16075,24.95883,00000000f1124bca,27.28
4303,2019-08-04T02:00:53Z,cf05623e4d87ce0906c0b0b7dbf53aacc1228016cd27c341228b6e76,60.18203,24.91341,00000000342570c2,17.4
4304,2019-08-04T02:00:53Z,d0bb9fef9a0ef26adcdd4732c9c20361bce49826f32c2892242831b8,60.16762,24.95415,000000006b44cce7,18.79
4305,2019-08-04T02:00:53Z,f088630d7476dae7d4b7e2bb1f10575f2c89acb4b6e061f3d57c2b40,60.16531,24.9442,00000000fdda10fe,23.56
4306,2019-08-04T02:00:53Z,f6609ab1076b1105bb845595a03b41b8fbb282f79c337df5bbc9f841,60.14699,24.922,00000000a53ed894,16.1
4307,2019-08-04T02:00:53Z,fc4f3a44235f1cfc7b53f14ba2da599976a5a0a220d23b852688e485,60.17919,24.95181,000000007b5207b6,17.4
4308,2019-08-04T02:00:53Z,032a59647297ad5458cd75a64c6405172cebb8eb2f33b7ab5ce92c4b,60.17918,24.95141,00000000675d5200,29.32
4309,2019-08-04T02:00:53Z,046d88221ec15b64bcac02c9056c3cdd39e2ce29bc8cde90aa2d7ed9,60.16897,24.95222,00000000aa852af1,17.4
4310,2019-08-04T02:00:53Z,11acd771bb0e2f3b2f3e08a7f5e80f0f44e73a715bff0585bc669672,60.17002,24.94407,000000006b087f40,29.32
4311,2019-08-04T02:00:53Z,137a95acb1432cb5b163aa6e55df6f8d03cfd04b24a6938e6e4d659d,60.16762,24.95415,000000006b44cce7,1.54
4312,2019-08-04T02:00:53Z,1780f64a77699d00e2128b929079dfa4cbc3724f901639c7ca5049f1,60.16629,24.95957,00000000fb7600be,17.4
4313,2019-08-04T02:00:53Z,2696f6a462520c8284659d993a9bf0545c2b2f278e1538f7f60dd1d3,60.17002,24.94407,000000006b087f40,11.7
4314,2019-08-04T02:00:53Z,361f937ab1057efd291aadfbf88395a903b0bbcfff8ee3afe1431a31,60.16544,24.95398,0000000038d83d41,27.28
4315,2019-08-04T02:00:53Z,3846b2c6d16e1148505ccccee3bd759ac2f11b875ed06eb3e03b51f1,60.17002,24.94407,000000006b087f40,36.27
4316,2019-08-04T02:00:53Z,406c8df3855d308047a12843434f2fac7dc6a2dba12c20edbdf06606,60.1538,24.95595,0000000038bf9618,20.28
4317,2019-08-04T02:00:53Z,45f3f37f5104c27fc21a7db518e7a7f57b68709f23f02b5efa540f7a,60.14947,24.91438,000000004ef3150d,11.7
4318,2019-08-04T02:00:53Z,584cb0b0cdd14e608c8b57c8aecc9826f9b40027e365e2438a444ea2,60.16762,24.95415,000000006b44cce7,11.7
4319,2019-08-04T02:00:53Z,66e7412496e5ad9efd31af7a7f1a88e1fdcd371a60adfe516dd71704,60.16829,24.94214,00000000afef4555,20.28
4320,2019-08-04T02:00:53Z,6ff48066dbbd91fad556cf8d4584f5f79f7961521855734e82e4c187,60.16762,24.95415,000000006b44cce7,1.12
4321,2019-08-04T02:00:53Z,70cc7b0a8e166380ca0fbc55a58d9a59c9de9f05a9f95ebb82482d5a,60.16762,24.95415,000000006b44cce7,18.79
4322,2019-08-04T02:00:53Z,74390917ccdf9b6f212820c4438a7276ecd5342f291b0c32705385e3,60.16897,24.95222,00000000aa852af1,36.27
4323,2019-08-04T02:00:53Z,766fa923652ba92f13ab23349bce568d0b33dbf0ccdf7606e5e633ec,60.16531,24.9442,00000000fdda10fe,5.41
4324,2019-08-04T02:00:53Z,7b91d732042030189a304f65807ba95cf9e2445e16fd7666747e7e56,60.1538,24.95595,0000000038bf9618,16.1
4325,2019-08-04T02:00:53Z,7bafc9b6f74b521018b3c6eb85088f47050dae502879caa96dcb94a6,60.1538,24.95595,0000000038bf9618,29.32
4326,2019-08-04T02:00:53Z,9173442e2f747f902896659a35f9782497dbe91c8c5c8e5b2c712fba,60.16897,24.95222,00000000aa852af1,8.38
4327,2019-08-04T02:00:53Z,94fb0519469907d303095ced8eea82b15282bbaf6df970a9d4025cb2,60.17002,24.94407,000000006b087f40,21.87
4328,2019-08-04T02:00:53Z,9885232e95a8b6b4437174be089c6af71b1fe0bddfea879d306b3041,60.17002,24.94407,000000006b087f40,23.56
4329,2019-08-04T02:00:53Z,a6ef5803703844038809924894eda35e25c165a826ee9c3f14bc41d7,60.17918,24.95141,00000000675d5200,20.28
4330,2019-08-04T02:00:53Z,aa1d7752e4be44a55f5bfc8df2f6c278afe69b5b19b79702a22908f8,60.1538,24.95595,0000000038bf9618,36.27
4331,2019-08-04T02:00:53Z,abde1ce60ef19a41508ac1f9661c3dec611550421c09cc568ced193f,60.17002,24.94407,000000006b087f40,17.4
4332,2019-08-04T02:00:53Z,b38900c896751899e1c20c791610870bbbde7839746846d07481e0c7,60.16829,24.94214,00000000afef4555,29.32
4333,2019-08-04T02:00:53Z,b6b900b0eb62ba369c75a8851299367b1ebd94fbf19ccfa3d5466248,60.1538,24.95595,0000000038bf9618,18.79
4334,2019-08-04T02:00:53Z,bc07df8cc395f6f4f5d483b2233caca5f93a6918f346e4cc3702f8cc,60.16531,24.9442,00000000fdda10fe,9.12
4335,2019-08-04T02:00:53Z,c0a0ca3433586ed2ae0e448f2406fabac7292ac79d49562e0bd5cef8,60.16762,24.95415,000000006b44cce7,27.28
4336,2019-08-04T02:00:53Z,c9ce14e0dbf0cf3c24f6a92a1930fa32de9a1de0ffe63082ccddb0d6,60.16448,24.97323,0000000053c6c2be,29.32
4337,2019-08-04T02:00:53Z,d17bc814add0729ea537e178eab4c1fea83fe4530da86d8d54ddb046,60.16544,24.95398,0000000038d83d41,25.36
4338,2019-08-04T02:00:53Z,d2385ee2268e25ac4ecb903a337a6e512910a99cd4349e54eb5eaa72,60.17002,24.94407,000000006b087f40,33.81
4339,2019-08-04T02:00:53Z,dc2e0f02adb13656668baaf52c062c10202521cf47f04a2c106becdd,60.16531,24.9442,00000000fdda10fe,18.79
4340,2019-08-04T02:00:53Z,e1bc48d02d172fa89085656433b35028a10ff453a3261a2634984559,60.149,24.9843,00000000fffb8cf0,16.1
4341,2019-08-04T02:00:53Z,e30c8d515f787275f7e911287d598f569fcfc5092a203f4c001d0dc6,60.16762,24.95415,000000006b44cce7,18.79
4342,2019-08-04T02:00:53Z,e5b564cf327f7db10f48bff6a13bbcb59e968da0f12c91756dfdfc09,60.16762,24.95415,000000006b44cce7,41.64
4343,2019-08-04T02:00:53Z,e7baeb3fa75db84982c28c08efcf29a123618b687c634aae2f7a2b1a,60.16531,24.9442,00000000fdda10fe,23.56
4344,2019-08-04T02:00:53Z,ea49bed400cfd5b5b1848d20a24b7224dd6fa86e592c2c54674bde60,60.16762,24.95415,000000006b44cce7,17.4
4345,2019-08-04T02:00:53Z,ecd3f6878f10e201456713c185926a3d85ae8b5eb2484b73f155ec5a,60.16531,24.9442,00000000fdda10fe,10.78
4346,2019-08-04T02:00:53Z,ed3b2eaece7e8846b296ad5c3f195aafb7410c95a88887d845982981,60.16762,24.95415,000000006b44cce7,16.1
4347,2019-08-04T02:00:53Z,ed7af9e066cd5319038816d57c264dcad212f9eb3d48eb8897ff6a23,60.1538,24.95595,0000000038bf9618,27.28
4348,2019-08-04T02:00:53Z,f2f62de93f5e3596a61d41a7fe5f0a10b2a73b89597cc33137ff5d2f,60.16829,24.94214,00000000afef4555,11.7
4349,2019-08-04T02:00:53Z,f8273595f5e5729d41d9da6b8dd60a5b3bd34f343f1ffe267c18d619,60.16762,24.95415,000000006b44cce7,23.56
4350,2019-08-04T02:00:54Z,14c7e1511b70f4dd3359cbece1377aebb4d70531f5489eefe53d7c3c,60.16544,24.95398,0000000038d83d41,33.81
4351,2019-08-04T02:00:54Z,165ebbb4090d47319ae370f0d0854fdc1f6b79499f8b2e4d3c3533c0,60.16544,24.95398,0000000038d83d41,27.28
4352,2019-08-04T02:00:54Z,297c725b456ef12d2712634b21546721cbe93224d3a5762d897404f2,60.16762,24.95415,000000006b44cce7,14.89
4353,2019-08-04T02:00:54Z,3944bc7a301be7241d1f7bc4a97f221000d535ce3d8a9af9af9b23b5,60.16531,24.9442,00000000fdda10fe,33.81
4354,2019-08-04T02:00:54Z,43b676ed3aef4c2d8846694817e76117873be52e7f788e0cb366c1c4,60.16629,24.95957,00000000fb7600be,29.32
4355,2019-08-04T02:00:54Z,43ea43e1aaac8d6d523965f79fd32aa5e5942a98e66e9b6dbaf67f8d,60.16897,24.95222,00000000aa852af1,20.28
4356,2019-08-04T02:00:54Z,43f0659ef87792b2d876153eb4b35ac5ac2db3bd5de1eb30f3303e5c,60.17002,24.94407,000000006b087f40,31.5
4357,2019-08-04T02:00:54Z,5bbb5184fded3e51bc78e45e39917794285e6bbc72da404802a9599a,60.16531,24.9442,00000000fdda10fe,23.56
4358,2019-08-04T02:00:54Z,5c833bdbbf1fd3a307bb37daa4021d8b3d3342b1552dcc0989fe9b16,60.16762,24.95415,000000006b44cce7,9.92
4359,2019-08-04T02:00:54Z,5d65719c4cbf045f068d084b72302f447d5fd034413d97d13be00d0e,60.18203,24.91341,00000000342570c2,18.79
4360,2019-08-04T02:00:54Z,66dabd3229229330d23c70e9e1737429ddfe69db01f4a6a00f70fa20,60.16762,24.95415,000000006b44cce7,17.4
4361,2019-08-04T02:00:54Z,6a70e2fbced719333e21eff04fcb9cb36bae9a04d1a3d6ddd96f2c58,60.15432,24.9211,0000000019fb59c4,20.28
4362,2019-08-04T02:00:54Z,6ff437688c444238352c28f64f9d2a7d0f14d19c9ea42c225380501e,60.16762,24.95415,000000006b44cce7,23.56
4363,2019-08-04T02:00:54Z,747f2d1ebff218c0ebbdc0fdaef4cbe56633dfb46ae1b1f8c8142201,60.16762,24.95415,000000006b44cce7,14.89
4364,2019-08-04T02:00:54Z,79f136afa0dd8717337c01c70b457c464aaf0fa25b440f51a394ec23,60.16762,24.95415,000000006b44cce7,27.28
4365,2019-08-04T02:00:54Z,7de75f59d3110cdf6e742fba9785ed0399f83ea50e4c5d255adb21ff,60.16897,24.95222,00000000aa852af1,21.87
4366,2019-08-04T02:00:54Z,87dfaad29a9276ddddb1fa021d3bc23ad14824c1af16f7d87e713689,60.14951,24.92138,0000000006dd41f6,10.78
4367,2019-08-04T02:00:54Z,89982a6acf91b79a282a6b63978e946ee205f303fcd20e944e06baf0,60.16544,24.95398,0000000038d83d41,25.36
4368,2019-08-04T02:00:54Z,8c75c3289c84fe4493e1e272a77b615fe1985880c5dc68a7c1a17b53,60.16762,24.95415,000000006b44cce7,20.28
4369,2019-08-04T02:00:54Z,91d3b80de4439a4a49ddb8a04d72a0a2ec6c08f351d70232842af567,60.16762,24.95415,000000006b44cce7,23.56
4370,2019-08-04T02:00:54Z,96c0705b3062754c4e9afc471e280530de69c8820bac642f30d4022b,60.16762,24.95415,000000006b44cce7,18.79
4371,2019-08-04T02:00:54Z,a3b4b2c08d30b2cbabe32fd49bcbb4f45f50a3f0b0e74f856bedb831,60.16762,24.95415,000000006b44cce7,11.7
4372,2019-08-04T02:00:54Z,a91d379a4b57c5df22db0d7a041ff69f657b4b31f28554b1011fc03c,60.16544,24.95398,0000000038d83d41,23.56
4373,2019-08-04T02:00:54Z,b33ae7715d6d2571066655c2c8954a5a364b5601869047de83410d9f,60.16629,24.95957,00000000fb7600be,23.56
4374,2019-08-04T02:00:54Z,b5fd6b317890e5ab2d79e2cd1abe61626d45a753c7337d0d40728898,60.16762,24.95415,000000006b44cce7,8.38
4375,2019-08-04T02:00:54Z,c578a1f266f1ac8f40756ab095d6d81719f90b3a1d4c4808f72ce963,60.14951,24.92138,0000000006dd41f6,25.36
4376,2019-08-04T02:00:54Z,c9cb2b9de2b21abecad29584393bea94a97f282f234f310e2468d7a7,60.16075,24.95883,00000000f1124bca,29.32
4377,2019-08-04T02:00:54Z,cf05623e4d87ce0906c0b0b7dbf53aacc1228016cd27c341228b6e76,60.18203,24.91341,00000000342570c2,17.4
4378,2019-08-04T02:00:54Z,d0bb9fef9a0ef26adcdd4732c9c20361bce49826f32c2892242831b8,60.16762,24.95415,000000006b44cce7,16.1
4379,2019-08-04T02:00:54Z,f088630d7476dae7d4b7e2bb1f10575f2c89acb4b6e061f3d57c2b40,60.16531,24.9442,00000000fdda10fe,27.28
4380,2019-08-04T02:00:54Z,f31f5bdb4a4c81da52b05c2e91ed700307625920f573cdcf68c91d19,60.16897,24.95222,00000000aa852af1,33.81
4381,2019-08-04T02:00:54Z,f6609ab1076b1105bb845595a03b41b8fbb282f79c337df5bbc9f841,60.14699,24.922,00000000a53ed894,13.75
4382,2019-08-04T02:00:54Z,fc4f3a44235f1cfc7b53f14ba2da599976a5a0a220d23b852688e485,60.17919,24.95181,000000007b5207b6,17.4
4383,2019-08-04T02:00:54Z,032a59647297ad5458cd75a64c6405172cebb8eb2f33b7ab5ce92c4b,60.17918,24.95141,00000000675d5200,14.89
4384,2019-08-04T02:00:54Z,046d88221ec15b64bcac02c9056c3cdd39e2ce29bc8cde90aa2d7ed9,60.16897,24.95222,00000000aa852af1,18.79
4385,2019-08-04T02:00:54Z,0486b4520285f3ca2132b986edabb7c19dfc5708a6c163ff40ed37b9,60.16448,24.97323,0000000053c6c2be,18.79
4386,2019-08-04T02:00:54Z,11acd771bb0e2f3b2f3e08a7f5e80f0f44e73a715bff0585bc669672,60.17002,24.94407,000000006b087f40,27.28
4387,2019-08-04T02:00:54Z,124a6ddd121114d11fcde48234ff0b8931d0f3fba2b00efd0948255c,60.16897,24.95222,00000000aa852af1,11.7
4388,2019-08-04T02:00:54Z,137a95acb1432cb5b163aa6e55df6f8d03cfd04b24a6938e6e4d659d,60.16762,24.95415,000000006b44cce7,1.38
4389,2019-08-04T02:00:54Z,1780f64a77699d00e2128b929079dfa4cbc3724f901639c7ca5049f1,60.16629,24.95957,00000000fb7600be,17.4
4390,2019-08-04T02:00:54Z,1dacfb371d75dd4f90f447aac2a00faad98beb4188a6971c19eb2375,60.16629,24.95957,00000000fb7600be,27.28
4391,2019-08-04T02:00:54Z,2696f6a462520c8284659d993a9bf0545c2b2f278e1538f7f60dd1d3,60.17002,24.94407,000000006b087f40,10.78
4392,2019-08-04T02:00:54Z,45f3f37f5104c27fc21a7db518e7a7f57b68709f23f02b5efa540f7a,60.14947,24.91438,000000004ef3150d,13.75
4393,2019-08-04T02:00:54Z,584cb0b0cdd14e608c8b57c8aecc9826f9b40027e365e2438a444ea2,60.16762,24.95415,000000006b44cce7,18.79
4394,2019-08-04T02:00:54Z,699b48bb93c5befb62ff0686e75f158406b659f14daec16ab66d4499,60.15432,24.9211,0000000019fb59c4,33.81
4395,2019-08-04T02:00:54Z,6ff48066dbbd91fad556cf8d4584f5f79f7961521855734e82e4c187,60.16762,24.95415,000000006b44cce7,2.08
4396,2019-08-04T02:00:54Z,70cc7b0a8e166380ca0fbc55a58d9a59c9de9f05a9f95ebb82482d5a,60.16762,24.95415,000000006b44cce7,23.56
4397,2019-08-04T02:00:54Z,74cb545f76f0bfc5498607247e26e814276a11ce91f77208054ecbc5,60.17002,24.94407,000000006b087f40,31.5
4398,2019-08-04T02:00:54Z,766fa923652ba92f13ab23349bce568d0b33dbf0ccdf7606e5e633ec,60.16531,24.9442,00000000fdda10fe,3.4
4399,2019-08-04T02:00:54Z,7af0c77f50a36fde55c6116ce6fc95063a67a5db61e827b85739d62d,60.16629,24.95957,00000000fb7600be,29.32
4400,2019-08-04T02:00:54Z,7b91d732042030189a304f65807ba95cf9e2445e16fd7666747e7e56,60.1538,24.95595,0000000038bf9618,23.56
4401,2019-08-04T02:00:54Z,7bafc9b6f74b521018b3c6eb85088f47050dae502879caa96dcb94a6,60.1538,24.95595,0000000038bf9618,9.12
4402,2019-08-04T02:00:54Z,8b49994992a96e97c5f92629f1aca931941db8b36050ac6b25c3c67f,60.16897,24.95222,00000000aa852af1,33.81
4403,2019-08-04T02:00:54Z,908f6e55722b62d1a119a53c057da05ffa37d70f23fd89ffff5bc996,60.16829,24.94214,00000000afef4555,27.28
4404,2019-08-04T02:00:54Z,9173442e2f747f902896659a35f9782497dbe91c8c5c8e5b2c712fba,60.16897,24.95222,00000000aa852af1,8.38
4405,2019-08-04T02:00:54Z,9313086be16704612615b82b0fb0a2bac8d249cbf373b54d85a5b3f1,60.1538,24.95595,0000000038bf9618,31.5
4406,2019-08-04T02:00:54Z,94fb0519469907d303095ced8eea82b15282bbaf6df970a9d4025cb2,60.17002,24.94407,000000006b087f40,21.87
4407,2019-08-04T02:00:54Z,9d713c9ce415e473048b45bbb35d6dcdef35cabaca39aa54f2e781a3,60.16531,24.9442,00000000fdda10fe,38.87
4408,2019-08-04T02:00:54Z,a12dfe20bcda9301943010682dd87a01ab2662611ca795c4ff1fe6c6,60.16531,24.9442,00000000fdda10fe,25.36
4409,2019-08-04T02:00:54Z,a6ef5803703844038809924894eda35e25c165a826ee9c3f14bc41d7,60.17918,24.95141,00000000675d5200,27.28
4410,2019-08-04T02:00:54Z,aa1d7752e4be44a55f5bfc8df2f6c278afe69b5b19b79702a22908f8,60.1538,24.95595,0000000038bf9618,31.5
4411,2019-08-04T02:00:54Z,abde1ce60ef19a41508ac1f9661c3dec611550421c09cc568ced193f,60.17002,24.94407,000000006b087f40,23.56
4412,2019-08-04T02:00:54Z,b38900c896751899e1c20c791610870bbbde7839746846d07481e0c7,60.16829,24.94214,00000000afef4555,17.4
4413,2019-08-04T02:00:54Z,b6b900b0eb62ba369c75a8851299367b1ebd94fbf19ccfa3d5466248,60.1538,24.95595,0000000038bf9618,17.4
4414,2019-08-04T02:00:54Z,bc07df8cc395f6f4f5d483b2233caca5f93a6918f346e4cc3702f8cc,60.16531,24.9442,00000000fdda10fe,9.12
4415,2019-08-04T02:00:54Z,cf01a59875fd999d9698c266b7634a09f9264a5ff26a1c3c48af9069,60.17002,24.94407,000000006b087f40,33.81
4416,2019-08-04T02:00:54Z,d00f32677e342c7dcb88c9fa30272e08ec9a4f49d8006dffbf598a03,60.16762,24.95415,000000006b44cce7,18.79
4417,2019-08-04T02:00:54Z,d6ad6fb5be8355cc1f877358ec4f09a2ba3df7c177e331113ef376a1,60.16829,24.94214,00000000afef4555,27.28
4418,2019-08-04T02:00:54Z,dc2e0f02adb13656668baaf52c062c10202521cf47f04a2c106becdd,60.16531,24.9442,00000000fdda10fe,17.4
4419,2019-08-04T02:00:54Z,e1bc48d02d172fa89085656433b35028a10ff453a3261a2634984559,60.149,24.9843,00000000fffb8cf0,14.89
4420,2019-08-04T02:00:54Z,e7baeb3fa75db84982c28c08efcf29a123618b687c634aae2f7a2b1a,60.16531,24.9442,00000000fdda10fe,25.36
4421,2019-08-04T02:00:54Z,ea49bed400cfd5b5b1848d20a24b7224dd6fa86e592c2c54674bde60,60.16762,24.95415,000000006b44cce7,20.28
4422,2019-08-04T02:00:54Z,ecd3f6878f10e201456713c185926a3d85ae8b5eb2484b73f155ec5a,60.16531,24.9442,00000000fdda10fe,9.12
4423,2019-08-04T02:00:54Z,ed7af9e066cd5319038816d57c264dcad212f9eb3d48eb8897ff6a23,60.1538,24.95595,0000000038bf9618,44.58
4424,2019-08-04T02:00:54Z,f8273595f5e5729d41d9da6b8dd60a5b3bd34f343f1ffe267c18d619,60.16762,24.95415,000000006b44cce7,7.05
4425,2019-08-04T02:00:55Z,112c36ba789fa57e2b19c9bff8bfe0b3eba19a431c3af4656c4cee5b,60.16531,24.9442,00000000fdda10fe,41.64
4426,2019-08-04T02:00:55Z,14c7e1511b70f4dd3359cbece1377aebb4d70531f5489eefe53d7c3c,60.16544,24.95398,0000000038d83d41,27.28
4427,2019-08-04T02:00:55Z,165ebbb4090d47319ae370f0d0854fdc1f6b79499f8b2e4d3c3533c0,60.16544,24.95398,0000000038d83d41,27.28
4428,2019-08-04T02:00:55Z,297c725b456ef12d2712634b21546721cbe93224d3a5762d897404f2,60.16762,24.95415,000000006b44cce7,16.1
4429,2019-08-04T02:00:55Z,3944bc7a301be7241d1f7bc4a97f221000d535ce3d8a9af9af9b23b5,60.16531,24.9442,00000000fdda10fe,27.28
4430,2019-08-04T02:00:55Z,43b676ed3aef4c2d8846694817e76117873be52e7f788e0cb366c1c4,60.16629,24.95957,00000000fb7600be,21.87
4431,2019-08-04T02:00:55Z,43ea43e1aaac8d6d523965f79fd32aa5e5942a98e66e9b6dbaf67f8d,60.16897,24.95222,00000000aa852af1,12.69
4432,2019-08-04T02:00:55Z,5bbb5184fded3e51bc78e45e39917794285e6bbc72da404802a9599a,60.16531,24.9442,00000000fdda10fe,18.79
4433,2019-08-04T02:00:55Z,5c833bdbbf1fd3a307bb37daa4021d8b3d3342b1552dcc0989fe9b16,60.16762,24.95415,000000006b44cce7,23.56
4434,2019-08-04T02:00:55Z,5d65719c4cbf045f068d084b72302f447d5fd034413d97d13be00d0e,60.18203,24.91341,00000000342570c2,17.4
4435,2019-08-04T02:00:55Z,6066632ddc94b5c482a2d4f45ed2532e55e3fd63e414a084a596a737,60.16762,24.95415,000000006b44cce7,17.4
4436,2019-08-04T02:00:55Z,66dabd3229229330d23c70e9e1737429ddfe69db01f4a6a00f70fa20,60.16762,24.95415,000000006b44cce7,23.56
4437,2019-08-04T02:00:55Z,6a70e2fbced719333e21eff04fcb9cb36bae9a04d1a3d6ddd96f2c58,60.15432,24.9211,0000000019fb59c4,18.79
4438,2019-08-04T02:00:55Z,6f06341f358e61699fe1e55e986dd0554bc8da28b91daf0c5ad99db6,60.16629,24.95957,00000000fb7600be,25.36
4439,2019-08-04T02:00:55Z,6ff437688c444238352c28f64f9d2a7d0f14d19c9ea42c225380501e,60.16762,24.95415,000000006b44cce7,20.28
4440,2019-08-04T02:00:55Z,79f136afa0dd8717337c01c70b457c464aaf0fa25b440f51a394ec23,60.16762,24.95415,000000006b44cce7,13.75
4441,2019-08-04T02:00:55Z,7de75f59d3110cdf6e742fba9785ed0399f83ea50e4c5d255adb21ff,60.16897,24.95222,00000000aa852af1,23.56
4442,2019-08-04T02:00:55Z,87dfaad29a9276ddddb1fa021d3bc23ad14824c1af16f7d87e713689,60.14951,24.92138,0000000006dd41f6,9.12
4443,2019-08-04T02:00:55Z,89982a6acf91b79a282a6b63978e946ee205f303fcd20e944e06baf0,60.16544,24.95398,0000000038d83d41,20.28
4444,2019-08-04T02:00:55Z,8c75c3289c84fe4493e1e272a77b615fe1985880c5dc68a7c1a17b53,60.16762,24.95415,000000006b44cce7,14.89
4445,2019-08-04T02:00:55Z,91d3b80de4439a4a49ddb8a04d72a0a2ec6c08f351d70232842af567,60.16762,24.95415,000000006b44cce7,21.87
4446,2019-08-04T02:00:55Z,a3a21ef15e1883941a7ed2eb6150357ae068aa4b0b6ce6ca0482ea3a,60.1538,24.95595,0000000038bf9618,41.64
4447,2019-08-04T02:00:55Z,a3b4b2c08d30b2cbabe32fd49bcbb4f45f50a3f0b0e74f856bedb831,60.16762,24.95415,000000006b44cce7,11.7
4448,2019-08-04T02:00:55Z,a91d379a4b57c5df22db0d7a041ff69f657b4b31f28554b1011fc03c,60.16544,24.95398,0000000038d83d41,29.32
4449,2019-08-04T02:00:55Z,b33ae7715d6d2571066655c2c8954a5a364b5601869047de83410d9f,60.16629,24.95957,00000000fb7600be,20.28
4450,2019-08-04T02:00:55Z,b5026d7cf52e7ab96df2ba76a516d819fb11765e520b765d373d186b,60.16448,24.97323,0000000053c6c2be,25.36
4451,2019-08-04T02:00:55Z,b5fd6b317890e5ab2d79e2cd1abe61626d45a753c7337d0d40728898,60.16762,24.95415,000000006b44cce7,5.91
4452,2019-08-04T02:00:55Z,c9cb2b9de2b21abecad29584393bea94a97f282f234f310e2468d7a7,60.16075,24.95883,00000000f1124bca,25.36
4453,2019-08-04T02:00:55Z,cf05623e4d87ce0906c0b0b7dbf53aacc1228016cd27c341228b6e76,60.18203,24.91341,00000000342570c2,17.4
4454,2019-08-04T02:00:55Z,d0bb9fef9a0ef26adcdd4732c9c20361bce49826f32c2892242831b8,60.16762,24.95415,000000006b44cce7,14.89
4455,2019-08-04T02:00:55Z,f088630d7476dae7d4b7e2bb1f10575f2c89acb4b6e061f3d57c2b40,60.16531,24.9442,00000000fdda10fe,29.32
4456,2019-08-04T02:00:55Z,f6609ab1076b1105bb845595a03b41b8fbb282f79c337df5bbc9f841,60.14699,24.922,00000000a53ed894,11.7
4457,2019-08-04T02:00:55Z,fc4f3a44235f1cfc7b53f14ba2da599976a5a0a220d23b852688e485,60.17918,24.95141,00000000675d5200,29.32
4458,2019-08-04T02:00:55Z,032a59647297ad5458cd75a64c6405172cebb8eb2f33b7ab5ce92c4b,60.17918,24.95141,00000000675d5200,29.32
4459,2019-08-04T02:00:55Z,046d88221ec15b64bcac02c9056c3cdd39e2ce29bc8cde90aa2d7ed9,60.16897,24.95222,00000000aa852af1,23.56
4460,2019-08-04T02:00:55Z,0486b4520285f3ca2132b986edabb7c19dfc5708a6c163ff40ed37b9,60.16448,24.97323,0000000053c6c2be,17.4
4461,2019-08-04T02:00:55Z,11acd771bb0e2f3b2f3e08a7f5e80f0f44e73a715bff0585bc669672,60.17002,24.94407,000000006b087f40,25.36
4462,2019-08-04T02:00:55Z,124a6ddd121114d11fcde48234ff0b8931d0f3fba2b00efd0948255c,60.16897,24.95222,00000000aa852af1,33.81
4463,2019-08-04T02:00:55Z,137a95acb1432cb5b163aa6e55df6f8d03cfd04b24a6938e6e4d659d,60.16762,24.95415,000000006b44cce7,1.25
4464,2019-08-04T02:00:55Z,1780f64a77699d00e2128b929079dfa4cbc3724f901639c7ca5049f1,60.16629,24.95957,00000000fb7600be,14.89
4465,2019-08-04T02:00:55Z,201bf4fc7952b70f96689a812948e3ad6bc7074c06604d4a1afa0b8e,60.17002,24.94407,000000006b087f40,20.28
4466,2019-08-04T02:00:55Z,2696f6a462520c8284659d993a9bf0545c2b2f278e1538f7f60dd1d3,60.17002,24.94407,000000006b087f40,13.75
4467,2019-08-04T02:00:55Z,45f3f37f5104c27fc21a7db518e7a7f57b68709f23f02b5efa540f7a,60.14947,24.91438,000000004ef3150d,9.92
4468,2019-08-04T02:00:55Z,4c3b8a7c738751ab5f9248766749e3c897b23514b294f34880eff55a,60.16897,24.95222,00000000aa852af1,31.5
4469,2019-08-04T02:00:55Z,584cb0b0cdd14e608c8b57c8aecc9826f9b40027e365e2438a444ea2,60.16762,24.95415,000000006b44cce7,13.75
4470,2019-08-04T02:00:55Z,58b7c53decdf23347782d6442cb4349ee5312db1d5ba8da9e4c2af25,60.16762,24.95415,000000006b44cce7,20.28
4471,2019-08-04T02:00:55Z,6ff48066dbbd91fad556cf8d4584f5f79f7961521855734e82e4c187,60.16762,24.95415,000000006b44cce7,1.25
4472,2019-08-04T02:00:55Z,70cc7b0a8e166380ca0fbc55a58d9a59c9de9f05a9f95ebb82482d5a,60.16762,24.95415,000000006b44cce7,12.69
4473,2019-08-04T02:00:55Z,766fa923652ba92f13ab23349bce568d0b33dbf0ccdf7606e5e633ec,60.16531,24.9442,00000000fdda10fe,3.09
4474,2019-08-04T02:00:55Z,7a0f425ccdf5813a089dd619056db4cf41173803f079c37bab520825,60.18203,24.91341,00000000342570c2,29.32
4475,2019-08-04T02:00:55Z,7af0c77f50a36fde55c6116ce6fc95063a67a5db61e827b85739d62d,60.16762,24.95415,000000006b44cce7,17.4
4476,2019-08-04T02:00:55Z,7b91d732042030189a304f65807ba95cf9e2445e16fd7666747e7e56,60.1538,24.95595,0000000038bf9618,21.87
4477,2019-08-04T02:00:55Z,7bafc9b6f74b521018b3c6eb85088f47050dae502879caa96dcb94a6,60.1538,24.95595,0000000038bf9618,23.56
4478,2019-08-04T02:00:55Z,8839be224a62c0ebfd04c2a31407afbbf531a4f27231aeda6f3222b4,60.17002,24.94407,000000006b087f40,27.28
4479,2019-08-04T02:00:55Z,908f6e55722b62d1a119a53c057da05ffa37d70f23fd89ffff5bc996,60.16829,24.94214,00000000afef4555,38.87
4480,2019-08-04T02:00:55Z,9173442e2f747f902896659a35f9782497dbe91c8c5c8e5b2c712fba,60.16897,24.95222,00000000aa852af1,9.92
4481,2019-08-04T02:00:55Z,94fb0519469907d303095ced8eea82b15282bbaf6df970a9d4025cb2,60.17002,24.94407,000000006b087f40,23.56
4482,2019-08-04T02:00:55Z,9aa6011401452463ec819f07785394855c0b49c418b8e19d5fc768df,60.1538,24.95595,0000000038bf9618,29.32
4483,2019-08-04T02:00:55Z,a6ef5803703844038809924894eda35e25c165a826ee9c3f14bc41d7,60.17918,24.95141,00000000675d5200,7.05
4484,2019-08-04T02:00:55Z,a7fa1ce845d9a694e698b84925d3abc96d36ac7f64144eb32348ed03,60.16762,24.95415,000000006b44cce7,31.5
4485,2019-08-04T02:00:55Z,aa1d7752e4be44a55f5bfc8df2f6c278afe69b5b19b79702a22908f8,60.1538,24.95595,0000000038bf9618,25.36
4486,2019-08-04T02:00:55Z,abde1ce60ef19a41508ac1f9661c3dec611550421c09cc568ced193f,60.17002,24.94407,000000006b087f40,10.78
4487,2019-08-04T02:00:55Z,b38900c896751899e1c20c791610870bbbde7839746846d07481e0c7,60.16829,24.94214,00000000afef4555,14.89
4488,2019-08-04T02:00:55Z,b6b900b0eb62ba369c75a8851299367b1ebd94fbf19ccfa3d5466248,60.1538,24.95595,0000000038bf9618,25.36
4489,2019-08-04T02:00:55Z,bc07df8cc395f6f4f5d483b2233caca5f93a6918f346e4cc3702f8cc,60.16531,24.9442,00000000fdda10fe,11.7
4490,2019-08-04T02:00:55Z,c0a0ca3433586ed2ae0e448f2406fabac7292ac79d49562e0bd5cef8,60.16762,24.95415,000000006b44cce7,13.75
4491,2019-08-04T02:00:55Z,c9ce14e0dbf0cf3c24f6a92a1930fa32de9a1de0ffe63082ccddb0d6,60.16448,24.97323,0000000053c6c2be,25.36
4492,2019-08-04T02:00:55Z,cf01a59875fd999d9698c266b7634a09f9264a5ff26a1c3c48af9069,60.17002,24.94407,000000006b087f40,29.32
4493,2019-08-04T02:00:55Z,d00f32677e342c7dcb88c9fa30272e08ec9a4f49d8006dffbf598a03,60.16762,24.95415,000000006b44cce7,18.79
4494,2019-08-04T02:00:55Z,d17bc814add0729ea537e178eab4c1fea83fe4530da86d8d54ddb046,60.16544,24.95398,0000000038d83d41,27.28
4495,2019-08-04T02:00:55Z,d2385ee2268e25ac4ecb903a337a6e512910a99cd4349e54eb5eaa72,60.17002,24.94407,000000006b087f40,27.28
4496,2019-08-04T02:00:55Z,dc2e0f02adb13656668baaf52c062c10202521cf47f04a2c106becdd,60.16531,24.9442,00000000fdda10fe,23.56
4497,2019-08-04T02:00:55Z,e1bc48d02d172fa89085656433b35028a10ff453a3261a2634984559,60.149,24.9843,00000000fffb8cf0,16.1
4498,2019-08-04T02:00:55Z,e30c8d515f787275f7e911287d598f569fcfc5092a203f4c001d0dc6,60.16762,24.95415,000000006b44cce7,27.28
4499,2019-08-04T02:00:55Z,e522f5ea0e78869628ae6c0eeb1d11f2751b751d753bb2cf8e0c1587,60.17002,24.94407,000000006b087f40,38.87
4500,2019-08-04T02:00:55Z,e5b564cf327f7db10f48bff6a13bbcb59e968da0f12c91756dfdfc09,60.16762,24.95415,000000006b44cce7,27.28
4501,2019-08-04T02:00:55Z,e66dee158121004b2a8098c673bc0d10944147d07f5f738cb9dd32be,60.16829,24.94214,00000000afef4555,23.56
4502,2019-08-04T02:00:55Z,ea49bed400cfd5b5b1848d20a24b7224dd6fa86e592c2c54674bde60,60.16762,24.95415,000000006b44cce7,18.79
4503,2019-08-04T02:00:55Z,ecd3f6878f10e201456713c185926a3d85ae8b5eb2484b73f155ec5a,60.16531,24.9442,00000000fdda10fe,9.12
4504,2019-08-04T02:00:55Z,ed7af9e066cd5319038816d57c264dcad212f9eb3d48eb8897ff6a23,60.1538,24.95595,0000000038bf9618,36.27
4505,2019-08-04T02:00:55Z,f2f62de93f5e3596a61d41a7fe5f0a10b2a73b89597cc33137ff5d2f,60.16829,24.94214,00000000afef4555,25.36
4506,2019-08-04T02:00:55Z,f8273595f5e5729d41d9da6b8dd60a5b3bd34f343f1ffe267c18d619,60.16762,24.95415,000000006b44cce7,12.69
4507,2019-08-04T02:00:55Z,f9399339c3de44774896319d3f291771cebcaf2666df1d6062469882,60.16531,24.9442,00000000fdda10fe,33.81
4508,2019-08-04T02:00:55Z,fdee081029f300921f900de7b5ca558afa02840b183c6555169c26c7,60.1538,24.95595,0000000038bf9618,25.36
4509,2019-08-04T02:00:56Z,14c7e1511b70f4dd3359cbece1377aebb4d70531f5489eefe53d7c3c,60.16544,24.95398,0000000038d83d41,25.36
4510,2019-08-04T02:00:56Z,165ebbb4090d47319ae370f0d0854fdc1f6b79499f8b2e4d3c3533c0,60.16544,24.95398,0000000038d83d41,25.36
4511,2019-08-04T02:00:56Z,297c725b456ef12d2712634b21546721cbe93224d3a5762d897404f2,60.16762,24.95415,000000006b44cce7,14.89
4512,2019-08-04T02:00:56Z,3944bc7a301be7241d1f7bc4a97f221000d535ce3d8a9af9af9b23b5,60.16531,24.9442,00000000fdda10fe,27.28
4513,2019-08-04T02:00:56Z,43b676ed3aef4c2d8846694817e76117873be52e7f788e0cb366c1c4,60.16629,24.95957,00000000fb7600be,29.32
4514,2019-08-04T02:00:56Z,43ea43e1aaac8d6d523965f79fd32aa5e5942a98e66e9b6dbaf67f8d,60.16897,24.95222,00000000aa852af1,20.28
4515,2019-08-04T02:00:56Z,5c833bdbbf1fd3a307bb37daa4021d8b3d3342b1552dcc0989fe9b16,60.16762,24.95415,000000006b44cce7,9.92
4516,2019-08-04T02:00:56Z,5d65719c4cbf045f068d084b72302f447d5fd034413d97d13be00d0e,60.18203,24.91341,00000000342570c2,18.79
4517,2019-08-04T02:00:56Z,66dabd3229229330d23c70e9e1737429ddfe69db01f4a6a00f70fa20,60.16762,24.95415,000000006b44cce7,20.28
4518,2019-08-04T02:00:56Z,6a70e2fbced719333e21eff04fcb9cb36bae9a04d1a3d6ddd96f2c58,60.15432,24.9211,0000000019fb59c4,16.1
4519,2019-08-04T02:00:56Z,6f06341f358e61699fe1e55e986dd0554bc8da28b91daf0c5ad99db6,60.16629,24.95957,00000000fb7600be,23.56
4520,2019-08-04T02:00:56Z,6ff437688c444238352c28f64f9d2a7d0f14d19c9ea42c225380501e,60.16762,24.95415,000000006b44cce7,21.87
4521,2019-08-04T02:00:56Z,747f2d1ebff218c0ebbdc0fdaef4cbe56633dfb46ae1b1f8c8142201,60.16762,24.95415,000000006b44cce7,13.75
4522,2019-08-04T02:00:56Z,7de75f59d3110cdf6e742fba9785ed0399f83ea50e4c5d255adb21ff,60.16897,24.95222,00000000aa852af1,21.87
4523,2019-08-04T02:00:56Z,87dfaad29a9276ddddb1fa021d3bc23ad14824c1af16f7d87e713689,60.14951,24.92138,0000000006dd41f6,12.69
4524,2019-08-04T02:00:56Z,89982a6acf91b79a282a6b63978e946ee205f303fcd20e944e06baf0,60.16544,24.95398,0000000038d83d41,18.79
4525,2019-08-04T02:00:56Z,8c75c3289c84fe4493e1e272a77b615fe1985880c5dc68a7c1a17b53,60.16762,24.95415,000000006b44cce7,21.87
4526,2019-08-04T02:00:56Z,9041c42fbb1cf987ee209454d6f5fab418a20e06fd7625460be30fa6,60.16531,24.9442,00000000fdda10fe,38.87
4527,2019-08-04T02:00:56Z,91d3b80de4439a4a49ddb8a04d72a0a2ec6c08f351d70232842af567,60.16762,24.95415,000000006b44cce7,23.56
4528,2019-08-04T02:00:56Z,96c0705b3062754c4e9afc471e280530de69c8820bac642f30d4022b,60.16762,24.95415,000000006b44cce7,23.56
4529,2019-08-04T02:00:56Z,a3b4b2c08d30b2cbabe32fd49bcbb4f45f50a3f0b0e74f856bedb831,60.16762,24.95415,000000006b44cce7,16.1
4530,2019-08-04T02:00:56Z,a91d379a4b57c5df22db0d7a041ff69f657b4b31f28554b1011fc03c,60.16544,24.95398,0000000038d83d41,25.36
4531,2019-08-04T02:00:56Z,b33ae7715d6d2571066655c2c8954a5a364b5601869047de83410d9f,60.16629,24.95957,00000000fb7600be,23.56
4532,2019-08-04T02:00:56Z,b5fd6b317890e5ab2d79e2cd1abe61626d45a753c7337d0d40728898,60.16762,24.95415,000000006b44cce7,9.92
4533,2019-08-04T02:00:56Z,c40c37def6bf11a63a2556519a7c6233fd417cdeea2cf14f28e7c42c,60.16531,24.9442,00000000fdda10fe,20.28
4534,2019-08-04T02:00:56Z,c9cb2b9de2b21abecad29584393bea94a97f282f234f310e2468d7a7,60.16075,24.95883,00000000f1124bca,31.5
4535,2019-08-04T02:00:56Z,cf05623e4d87ce0906c0b0b7dbf53aacc1228016cd27c341228b6e76,60.18203,24.91341,00000000342570c2,17.4
4536,2019-08-04T02:00:56Z,d0bb9fef9a0ef26adcdd4732c9c20361bce49826f32c2892242831b8,60.16762,24.95415,000000006b44cce7,21.87
4537,2019-08-04T02:00:56Z,f088630d7476dae7d4b7e2bb1f10575f2c89acb4b6e061f3d57c2b40,60.16531,24.9442,00000000fdda10fe,29.32
4538,2019-08-04T02:00:56Z,f1baf2e6f8f8efc9540b843a94791574ccbcb6268d9607cca31510af,60.16762,24.95415,000000006b44cce7,31.5
4539,2019-08-04T02:00:56Z,f31f5bdb4a4c81da52b05c2e91ed700307625920f573cdcf68c91d19,60.16897,24.95222,00000000aa852af1,36.27
4540,2019-08-04T02:00:56Z,f6609ab1076b1105bb845595a03b41b8fbb282f79c337df5bbc9f841,60.14699,24.922,00000000a53ed894,17.4
4541,2019-08-04T02:00:56Z,fc4f3a44235f1cfc7b53f14ba2da599976a5a0a220d23b852688e485,60.17918,24.95141,00000000675d5200,38.87
4542,2019-08-04T02:00:56Z,032a59647297ad5458cd75a64c6405172cebb8eb2f33b7ab5ce92c4b,60.17918,24.95141,00000000675d5200,21.87
4543,2019-08-04T02:00:56Z,046d88221ec15b64bcac02c9056c3cdd39e2ce29bc8cde90aa2d7ed9,60.16897,24.95222,00000000aa852af1,16.1
4544,2019-08-04T02:00:56Z,0486b4520285f3ca2132b986edabb7c19dfc5708a6c163ff40ed37b9,60.16448,24.97323,0000000053c6c2be,20.28
4545,2019-08-04T02:00:56Z,11acd771bb0e2f3b2f3e08a7f5e80f0f44e73a715bff0585bc669672,60.17002,24.94407,000000006b087f40,27.28
4546,2019-08-04T02:00:56Z,137a95acb1432cb5b163aa6e55df6f8d03cfd04b24a6938e6e4d659d,60.16762,24.95415,000000006b44cce7,1.12
4547,2019-08-04T02:00:56Z,1780f64a77699d00e2128b929079dfa4cbc3724f901639c7ca5049f1,60.16629,24.95957,00000000fb7600be,14.89
4548,2019-08-04T02:00:56Z,1dacfb371d75dd4f90f447aac2a00faad98beb4188a6971c19eb2375,60.16629,24.95957,00000000fb7600be,25.36
4549,2019-08-04T02:00:56Z,2acdcfed6579c3f9a1683b1f56e28b2b7b75403200b054e6edd09fe7,60.1538,24.95595,0000000038bf9618,27.28
4550,2019-08-04T02:00:56Z,45f3f37f5104c27fc21a7db518e7a7f57b68709f23f02b5efa540f7a,60.14947,24.91438,000000004ef3150d,10.78
4551,2019-08-04T02:00:56Z,52b5c13130e800c3d760150f50d6fb634f091cc97cd7dfdaa92cdd71,60.16897,24.95222,00000000aa852af1,31.5
4552,2019-08-04T02:00:56Z,584cb0b0cdd14e608c8b57c8aecc9826f9b40027e365e2438a444ea2,60.16762,24.95415,000000006b44cce7,18.79
4553,2019-08-04T02:00:56Z,66e7412496e5ad9efd31af7a7f1a88e1fdcd371a60adfe516dd71704,60.16829,24.94214,00000000afef4555,20.28
4554,2019-08-04T02:00:56Z,6ff48066dbbd91fad556cf8d4584f5f79f7961521855734e82e4c187,60.16762,24.95415,000000006b44cce7,8.38
4555,2019-08-04T02:00:56Z,70cc7b0a8e166380ca0fbc55a58d9a59c9de9f05a9f95ebb82482d5a,60.16762,24.95415,000000006b44cce7,11.7
4556,2019-08-04T02:00:56Z,74cb545f76f0bfc5498607247e26e814276a11ce91f77208054ecbc5,60.17002,24.94407,000000006b087f40,27.28
4557,2019-08-04T02:00:56Z,766fa923652ba92f13ab23349bce568d0b33dbf0ccdf7606e5e633ec,60.16531,24.9442,00000000fdda10fe,4.94
4558,2019-08-04T02:00:56Z,7af0c77f50a36fde55c6116ce6fc95063a67a5db61e827b85739d62d,60.16762,24.95415,000000006b44cce7,13.75
4559,2019-08-04T02:00:56Z,7bafc9b6f74b521018b3c6eb85088f47050dae502879caa96dcb94a6,60.1538,24.95595,0000000038bf9618,20.28
4560,2019-08-04T02:00:56Z,8b49994992a96e97c5f92629f1aca931941db8b36050ac6b25c3c67f,60.16897,24.95222,00000000aa852af1,18.79
4561,2019-08-04T02:00:56Z,908f6e55722b62d1a119a53c057da05ffa37d70f23fd89ffff5bc996,60.16829,24.94214,00000000afef4555,20.28
4562,2019-08-04T02:00:56Z,9173442e2f747f902896659a35f9782497dbe91c8c5c8e5b2c712fba,60.16897,24.95222,00000000aa852af1,18.79
4563,2019-08-04T02:00:56Z,94fb0519469907d303095ced8eea82b15282bbaf6df970a9d4025cb2,60.17002,24.94407,000000006b087f40,17.4
4564,2019-08-04T02:00:56Z,9aa6011401452463ec819f07785394855c0b49c418b8e19d5fc768df,60.1538,24.95595,0000000038bf9618,27.28
4565,2019-08-04T02:00:56Z,a6ef5803703844038809924894eda35e25c165a826ee9c3f14bc41d7,60.17918,24.95141,00000000675d5200,10.78
4566,2019-08-04T02:00:56Z,aa1d7752e4be44a55f5bfc8df2f6c278afe69b5b19b79702a22908f8,60.1538,24.95595,0000000038bf9618,58.17
4567,2019-08-04T02:00:56Z,abde1ce60ef19a41508ac1f9661c3dec611550421c09cc568ced193f,60.17002,24.94407,000000006b087f40,14.89
4568,2019-08-04T02:00:56Z,b38900c896751899e1c20c791610870bbbde7839746846d07481e0c7,60.16829,24.94214,00000000afef4555,23.56
4569,2019-08-04T02:00:56Z,bc07df8cc395f6f4f5d483b2233caca5f93a6918f346e4cc3702f8cc,60.16531,24.9442,00000000fdda10fe,7.69
4570,2019-08-04T02:00:56Z,cd6c9248eb6def05653cfc3741b5473f5047f9feac6954f660b8d512,60.16829,24.94214,00000000afef4555,36.27
4571,2019-08-04T02:00:56Z,cf01a59875fd999d9698c266b7634a09f9264a5ff26a1c3c48af9069,60.17002,24.94407,000000006b087f40,27.28
4572,2019-08-04T02:00:56Z,d00f32677e342c7dcb88c9fa30272e08ec9a4f49d8006dffbf598a03,60.16762,24.95415,000000006b44cce7,23.56
4573,2019-08-04T02:00:56Z,d2385ee2268e25ac4ecb903a337a6e512910a99cd4349e54eb5eaa72,60.17002,24.94407,000000006b087f40,25.36
4574,2019-08-04T02:00:56Z,dc2e0f02adb13656668baaf52c062c10202521cf47f04a2c106becdd,60.16531,24.9442,00000000fdda10fe,36.27
4575,2019-08-04T02:00:56Z,e1b31619e8ea8785668fb4f5765431250e6ee3c9a127e38de21bc694,60.16829,24.94214,00000000afef4555,29.32
4576,2019-08-04T02:00:56Z,e1bc48d02d172fa89085656433b35028a10ff453a3261a2634984559,60.149,24.9843,00000000fffb8cf0,16.1
4577,2019-08-04T02:00:56Z,e30c8d515f787275f7e911287d598f569fcfc5092a203f4c001d0dc6,60.16762,24.95415,000000006b44cce7,17.4
4578,2019-08-04T02:00:56Z,e66dee158121004b2a8098c673bc0d10944147d07f5f738cb9dd32be,60.16829,24.94214,00000000afef4555,25.36
4579,2019-08-04T02:00:56Z,ecd3f6878f10e201456713c185926a3d85ae8b5eb2484b73f155ec5a,60.16531,24.9442,00000000fdda10fe,7.05
4580,2019-08-04T02:00:56Z,ed7af9e066cd5319038816d57c264dcad212f9eb3d48eb8897ff6a23,60.1538,24.95595,0000000038bf9618,36.27
4581,2019-08-04T02:00:56Z,f2f62de93f5e3596a61d41a7fe5f0a10b2a73b89597cc33137ff5d2f,60.16829,24.94214,00000000afef4555,31.5
4582,2019-08-04T02:00:56Z,f8273595f5e5729d41d9da6b8dd60a5b3bd34f343f1ffe267c18d619,60.16762,24.95415,000000006b44cce7,9.92
4583,2019-08-04T02:00:57Z,14c7e1511b70f4dd3359cbece1377aebb4d70531f5489eefe53d7c3c,60.16544,24.95398,0000000038d83d41,25.36
4584,2019-08-04T02:00:57Z,165ebbb4090d47319ae370f0d0854fdc1f6b79499f8b2e4d3c3533c0,60.16544,24.95398,0000000038d83d41,33.81
4585,2019-08-04T02:00:57Z,297c725b456ef12d2712634b21546721cbe93224d3a5762d897404f2,60.16762,24.95415,000000006b44cce7,13.75
4586,2019-08-04T02:00:57Z,3944bc7a301be7241d1f7bc4a97f221000d535ce3d8a9af9af9b23b5,60.16531,24.9442,00000000fdda10fe,29.32
4587,2019-08-04T02:00:57Z,43b676ed3aef4c2d8846694817e76117873be52e7f788e0cb366c1c4,60.16629,24.95957,00000000fb7600be,29.32
4588,2019-08-04T02:00:57Z,43ea43e1aaac8d6d523965f79fd32aa5e5942a98e66e9b6dbaf67f8d,60.16897,24.95222,00000000aa852af1,17.4
4589,2019-08-04T02:00:57Z,5bbb5184fded3e51bc78e45e39917794285e6bbc72da404802a9599a,60.16531,24.9442,00000000fdda10fe,21.87
4590,2019-08-04T02:00:57Z,5c833bdbbf1fd3a307bb37daa4021d8b3d3342b1552dcc0989fe9b16,60.16762,24.95415,000000006b44cce7,10.78
4591,2019-08-04T02:00:57Z,5d65719c4cbf045f068d084b72302f447d5fd034413d97d13be00d0e,60.18203,24.91341,00000000342570c2,18.79
4592,2019-08-04T02:00:57Z,6066632ddc94b5c482a2d4f45ed2532e55e3fd63e414a084a596a737,60.16762,24.95415,000000006b44cce7,16.1
4593,2019-08-04T02:00:57Z,66dabd3229229330d23c70e9e1737429ddfe69db01f4a6a00f70fa20,60.16762,24.95415,000000006b44cce7,27.28
4594,2019-08-04T02:00:57Z,6a70e2fbced719333e21eff04fcb9cb36bae9a04d1a3d6ddd96f2c58,60.15432,24.9211,0000000019fb59c4,21.87
4595,2019-08-04T02:00:57Z,6f06341f358e61699fe1e55e986dd0554bc8da28b91daf0c5ad99db6,60.16629,24.95957,00000000fb7600be,20.28
4596,2019-08-04T02:00:57Z,6ff437688c444238352c28f64f9d2a7d0f14d19c9ea42c225380501e,60.16762,24.95415,000000006b44cce7,23.56
4597,2019-08-04T02:00:57Z,79f136afa0dd8717337c01c70b457c464aaf0fa25b440f51a394ec23,60.16762,24.95415,000000006b44cce7,12.69
4598,2019-08-04T02:00:57Z,7de75f59d3110cdf6e742fba9785ed0399f83ea50e4c5d255adb21ff,60.16897,24.95222,00000000aa852af1,20.28
4599,2019-08-04T02:00:57Z,87dfaad29a9276ddddb1fa021d3bc23ad14824c1af16f7d87e713689,60.14951,24.92138,0000000006dd41f6,12.69
4600,2019-08-04T02:00:57Z,89982a6acf91b79a282a6b63978e946ee205f303fcd20e944e06baf0,60.16544,24.95398,0000000038d83d41,20.28
4601,2019-08-04T02:00:57Z,8c75c3289c84fe4493e1e272a77b615fe1985880c5dc68a7c1a17b53,60.16762,24.95415,000000006b44cce7,13.75
4602,2019-08-04T02:00:57Z,91d3b80de4439a4a49ddb8a04d72a0a2ec6c08f351d70232842af567,60.16762,24.95415,000000006b44cce7,21.87
4603,2019-08-04T02:00:57Z,a3b4b2c08d30b2cbabe32fd49bcbb4f45f50a3f0b0e74f856bedb831,60.16762,24.95415,000000006b44cce7,11.7
4604,2019-08-04T02:00:57Z,a91d379a4b57c5df22db0d7a041ff69f657b4b31f28554b1011fc03c,60.16544,24.95398,0000000038d83d41,38.87
4605,2019-08-04T02:00:57Z,b33ae7715d6d2571066655c2c8954a5a364b5601869047de83410d9f,60.16629,24.95957,00000000fb7600be,21.87
4606,2019-08-04T02:00:57Z,b5fd6b317890e5ab2d79e2cd1abe61626d45a753c7337d0d40728898,60.16762,24.95415,000000006b44cce7,7.69
4607,2019-08-04T02:00:57Z,c40c37def6bf11a63a2556519a7c6233fd417cdeea2cf14f28e7c42c,60.16531,24.9442,00000000fdda10fe,33.81
4608,2019-08-04T02:00:57Z,c578a1f266f1ac8f40756ab095d6d81719f90b3a1d4c4808f72ce963,60.14951,24.92138,0000000006dd41f6,27.28
4609,2019-08-04T02:00:57Z,c9cb2b9de2b21abecad29584393bea94a97f282f234f310e2468d7a7,60.16075,24.95883,00000000f1124bca,31.5
4610,2019-08-04T02:00:57Z,cf05623e4d87ce0906c0b0b7dbf53aacc1228016cd27c341228b6e76,60.18203,24.91341,00000000342570c2,16.1
4611,2019-08-04T02:00:57Z,f088630d7476dae7d4b7e2bb1f10575f2c89acb4b6e061f3d57c2b40,60.16531,24.9442,00000000fdda10fe,25.36
4612,2019-08-04T02:00:57Z,f6609ab1076b1105bb845595a03b41b8fbb282f79c337df5bbc9f841,60.14699,24.922,00000000a53ed894,14.89
4613,2019-08-04T02:00:57Z,fc4f3a44235f1cfc7b53f14ba2da599976a5a0a220d23b852688e485,60.17919,24.95181,000000007b5207b6,25.36
4614,2019-08-04T02:00:57Z,032a59647297ad5458cd75a64c6405172cebb8eb2f33b7ab5ce92c4b,60.17918,24.95141,00000000675d5200,14.89
4615,2019-08-04T02:00:57Z,11acd771bb0e2f3b2f3e08a7f5e80f0f44e73a715bff0585bc669672,60.17002,24.94407,000000006b087f40,25.36
4616,2019-08-04T02:00:57Z,124a6ddd121114d11fcde48234ff0b8931d0f3fba2b00efd0948255c,60.16897,24.95222,00000000aa852af1,17.4
4617,2019-08-04T02:00:57Z,137a95acb1432cb5b163aa6e55df6f8d03cfd04b24a6938e6e4d659d,60.16762,24.95415,000000006b44cce7,1.7
4618,2019-08-04T02:00:57Z,1780f64a77699d00e2128b929079dfa4cbc3724f901639c7ca5049f1,60.16629,24.95957,00000000fb7600be,14.89
4619,2019-08-04T02:00:57Z,201bf4fc7952b70f96689a812948e3ad6bc7074c06604d4a1afa0b8e,60.17002,24.94407,000000006b087f40,17.4
4620,2019-08-04T02:00:57Z,2696f6a462520c8284659d993a9bf0545c2b2f278e1538f7f60dd1d3,60.17002,24.94407,000000006b087f40,12.69
4621,2019-08-04T02:00:57Z,2acdcfed6579c3f9a1683b1f56e28b2b7b75403200b054e6edd09fe7,60.1538,24.95595,0000000038bf9618,27.28
4622,2019-08-04T02:00:57Z,3846b2c6d16e1148505ccccee3bd759ac2f11b875ed06eb3e03b51f1,60.17002,24.94407,000000006b087f40,31.5
4623,2019-08-04T02:00:57Z,406c8df3855d308047a12843434f2fac7dc6a2dba12c20edbdf06606,60.1538,24.95595,0000000038bf9618,18.79
4624,2019-08-04T02:00:57Z,45f3f37f5104c27fc21a7db518e7a7f57b68709f23f02b5efa540f7a,60.14947,24.91438,000000004ef3150d,9.12
4625,2019-08-04T02:00:57Z,4c3b8a7c738751ab5f9248766749e3c897b23514b294f34880eff55a,60.16897,24.95222,00000000aa852af1,21.87
4626,2019-08-04T02:00:57Z,52b5c13130e800c3d760150f50d6fb634f091cc97cd7dfdaa92cdd71,60.16897,24.95222,00000000aa852af1,27.28
4627,2019-08-04T02:00:57Z,584cb0b0cdd14e608c8b57c8aecc9826f9b40027e365e2438a444ea2,60.16762,24.95415,000000006b44cce7,10.78
4628,2019-08-04T02:00:57Z,699b48bb93c5befb62ff0686e75f158406b659f14daec16ab66d4499,60.15432,24.9211,0000000019fb59c4,17.4
4629,2019-08-04T02:00:57Z,6ff48066dbbd91fad556cf8d4584f5f79f7961521855734e82e4c187,60.16762,24.95415,000000006b44cce7,3.74
4630,2019-08-04T02:00:57Z,70cc7b0a8e166380ca0fbc55a58d9a59c9de9f05a9f95ebb82482d5a,60.16762,24.95415,000000006b44cce7,11.7
4631,2019-08-04T02:00:57Z,766fa923652ba92f13ab23349bce568d0b33dbf0ccdf7606e5e633ec,60.16531,24.9442,00000000fdda10fe,3.09
4632,2019-08-04T02:00:57Z,7af0c77f50a36fde55c6116ce6fc95063a67a5db61e827b85739d62d,60.16762,24.95415,000000006b44cce7,17.4
4633,2019-08-04T02:00:57Z,7b91d732042030189a304f65807ba95cf9e2445e16fd7666747e7e56,60.1538,24.95595,0000000038bf9618,13.75
4634,2019-08-04T02:00:57Z,7bafc9b6f74b521018b3c6eb85088f47050dae502879caa96dcb94a6,60.1538,24.95595,0000000038bf9618,10.78
4635,2019-08-04T02:00:57Z,8b49994992a96e97c5f92629f1aca931941db8b36050ac6b25c3c67f,60.16897,24.95222,00000000aa852af1,21.87
4636,2019-08-04T02:00:57Z,9173442e2f747f902896659a35f9782497dbe91c8c5c8e5b2c712fba,60.16897,24.95222,00000000aa852af1,8.38
4637,2019-08-04T02:00:57Z,9885232e95a8b6b4437174be089c6af71b1fe0bddfea879d306b3041,60.17002,24.94407,000000006b087f40,33.81
4638,2019-08-04T02:00:57Z,a6ef5803703844038809924894eda35e25c165a826ee9c3f14bc41d7,60.17918,24.95141,00000000675d5200,7.05
4639,2019-08-04T02:00:57Z,aa1d7752e4be44a55f5bfc8df2f6c278afe69b5b19b79702a22908f8,60.1538,24.95595,0000000038bf9618,33.81
4640,2019-08-04T02:00:57Z,abde1ce60ef19a41508ac1f9661c3dec611550421c09cc568ced193f,60.17002,24.94407,000000006b087f40,21.87
4641,2019-08-04T02:00:57Z,b38900c896751899e1c20c791610870bbbde7839746846d07481e0c7,60.16829,24.94214,00000000afef4555,18.79
4642,2019-08-04T02:00:57Z,b6b900b0eb62ba369c75a8851299367b1ebd94fbf19ccfa3d5466248,60.1538,24.95595,0000000038bf9618,33.81
4643,2019-08-04T02:00:57Z,bc07df8cc395f6f4f5d483b2233caca5f93a6918f346e4cc3702f8cc,60.16531,24.9442,00000000fdda10fe,9.12
4644,2019-08-04T02:00:57Z,c0a0ca3433586ed2ae0e448f2406fabac7292ac79d49562e0bd5cef8,60.16762,24.95415,000000006b44cce7,38.87
4645,2019-08-04T02:00:57Z,c9ce14e0dbf0cf3c24f6a92a1930fa32de9a1de0ffe63082ccddb0d6,60.16448,24.97323,0000000053c6c2be,25.36
4646,2019-08-04T02:00:57Z,d00f32677e342c7dcb88c9fa30272e08ec9a4f49d8006dffbf598a03,60.16762,24.95415,000000006b44cce7,21.87
4647,2019-08-04T02:00:57Z,dc2e0f02adb13656668baaf52c062c10202521cf47f04a2c106becdd,60.16531,24.9442,00000000fdda10fe,27.28
4648,2019-08-04T02:00:57Z,e1bc48d02d172fa89085656433b35028a10ff453a3261a2634984559,60.149,24.9843,00000000fffb8cf0,31.5
4649,2019-08-04T02:00:57Z,e30c8d515f787275f7e911287d598f569fcfc5092a203f4c001d0dc6,60.16762,24.95415,000000006b44cce7,18.79
4650,2019-08-04T02:00:57Z,e5b564cf327f7db10f48bff6a13bbcb59e968da0f12c91756dfdfc09,60.16762,24.95415,000000006b44cce7,17.4
4651,2019-08-04T02:00:57Z,ecd3f6878f10e201456713c185926a3d85ae8b5eb2484b73f155ec5a,60.16531,24.9442,00000000fdda10fe,7.05
4652,2019-08-04T02:00:57Z,ed7af9e066cd5319038816d57c264dcad212f9eb3d48eb8897ff6a23,60.1538,24.95595,0000000038bf9618,18.79
4653,2019-08-04T02:00:57Z,f2f62de93f5e3596a61d41a7fe5f0a10b2a73b89597cc33137ff5d2f,60.16829,24.94214,00000000afef4555,23.56
4654,2019-08-04T02:00:57Z,f8273595f5e5729d41d9da6b8dd60a5b3bd34f343f1ffe267c18d619,60.16762,24.95415,000000006b44cce7,10.78
4655,2019-08-04T02:00:57Z,f9399339c3de44774896319d3f291771cebcaf2666df1d6062469882,60.16531,24.9442,00000000fdda10fe,25.36
4656,2019-08-04T02:00:57Z,fdee081029f300921f900de7b5ca558afa02840b183c6555169c26c7,60.1538,24.95595,0000000038bf9618,21.87
4657,2019-08-04T02:00:58Z,14c7e1511b70f4dd3359cbece1377aebb4d70531f5489eefe53d7c3c,60.16544,24.95398,0000000038d83d41,21.87
4658,2019-08-04T02:00:58Z,165ebbb4090d47319ae370f0d0854fdc1f6b79499f8b2e4d3c3533c0,60.16544,24.95398,0000000038d83d41,23.56
4659,2019-08-04T02:00:58Z,297c725b456ef12d2712634b21546721cbe93224d3a5762d897404f2,60.16762,24.95415,000000006b44cce7,13.75
4660,2019-08-04T02:00:58Z,3944bc7a301be7241d1f7bc4a97f221000d535ce3d8a9af9af9b23b5,60.16531,24.9442,00000000fdda10fe,31.5
4661,2019-08-04T02:00:58Z,43b676ed3aef4c2d8846694817e76117873be52e7f788e0cb366c1c4,60.16629,24.95957,00000000fb7600be,29.32
4662,2019-08-04T02:00:58Z,43ea43e1aaac8d6d523965f79fd32aa5e5942a98e66e9b6dbaf67f8d,60.16897,24.95222,00000000aa852af1,20.28
4663,2019-08-04T02:00:58Z,5c833bdbbf1fd3a307bb37daa4021d8b3d3342b1552dcc0989fe9b16,60.16762,24.95415,000000006b44cce7,9.92
4664,2019-08-04T02:00:58Z,5d65719c4cbf045f068d084b72302f447d5fd034413d97d13be00d0e,60.18203,24.91341,00000000342570c2,18.79
4665,2019-08-04T02:00:58Z,6066632ddc94b5c482a2d4f45ed2532e55e3fd63e414a084a596a737,60.16762,24.95415,000000006b44cce7,18.79
4666,2019-08-04T02:00:58Z,66dabd3229229330d23c70e9e1737429ddfe69db01f4a6a00f70fa20,60.16762,24.95415,000000006b44cce7,21.87
4667,2019-08-04T02:00:58Z,6a70e2fbced719333e21eff04fcb9cb36bae9a04d1a3d6ddd96f2c58,60.15432,24.9211,0000000019fb59c4,21.87
4668,2019-08-04T02:00:58Z,6ff437688c444238352c28f64f9d2a7d0f14d19c9ea42c225380501e,60.16762,24.95415,000000006b44cce7,21.87
4669,2019-08-04T02:00:58Z,747f2d1ebff218c0ebbdc0fdaef4cbe56633dfb46ae1b1f8c8142201,60.16762,24.95415,000000006b44cce7,13.75
4670,2019-08-04T02:00:58Z,79f136afa0dd8717337c01c70b457c464aaf0fa25b440f51a394ec23,60.16762,24.95415,000000006b44cce7,11.7
4671,2019-08-04T02:00:58Z,7de75f59d3110cdf6e742fba9785ed0399f83ea50e4c5d255adb21ff,60.16897,24.95222,00000000aa852af1,21.87
4672,2019-08-04T02:00:58Z,87dfaad29a9276ddddb1fa021d3bc23ad14824c1af16f7d87e713689,60.14951,24.92138,0000000006dd41f6,12.69
4673,2019-08-04T02:00:58Z,89982a6acf91b79a282a6b63978e946ee205f303fcd20e944e06baf0,60.16544,24.95398,0000000038d83d41,23.56
4674,2019-08-04T02:00:58Z,8b0535dd90c15c8fd1b256e7a48369741b0fe9d58f8f05f6e46134b7,60.16544,24.95398,0000000038d83d41,33.81
4675,2019-08-04T02:00:58Z,8c75c3289c84fe4493e1e272a77b615fe1985880c5dc68a7c1a17b53,60.16762,24.95415,000000006b44cce7,11.7
4676,2019-08-04T02:00:58Z,a0972d97514e29907d2ba46aa19e778b1b09a7e4eda4cf9e59e50cf7,60.14947,24.91438,000000004ef3150d,38.87
4677,2019-08-04T02:00:58Z,a3b4b2c08d30b2cbabe32fd49bcbb4f45f50a3f0b0e74f856bedb831,60.16762,24.95415,000000006b44cce7,21.87
4678,2019-08-04T02:00:58Z,a91d379a4b57c5df22db0d7a041ff69f657b4b31f28554b1011fc03c,60.16544,24.95398,0000000038d83d41,27.28
4679,2019-08-04T02:00:58Z,b33ae7715d6d2571066655c2c8954a5a364b5601869047de83410d9f,60.16629,24.95957,00000000fb7600be,25.36
4680,2019-08-04T02:00:58Z,b5fd6b317890e5ab2d79e2cd1abe61626d45a753c7337d0d40728898,60.16762,24.95415,000000006b44cce7,5.91
4681,2019-08-04T02:00:58Z,c40c37def6bf11a63a2556519a7c6233fd417cdeea2cf14f28e7c42c,60.16531,24.9442,00000000fdda10fe,21.87
4682,2019-08-04T02:00:58Z,c578a1f266f1ac8f40756ab095d6d81719f90b3a1d4c4808f72ce963,60.14951,24.92138,0000000006dd41f6,23.56
4683,2019-08-04T02:00:58Z,c9cb2b9de2b21abecad29584393bea94a97f282f234f310e2468d7a7,60.16075,24.95883,00000000f1124bca,23.56
4684,2019-08-04T02:00:58Z,cf05623e4d87ce0906c0b0b7dbf53aacc1228016cd27c341228b6e76,60.18203,24.91341,00000000342570c2,18.79
4685,2019-08-04T02:00:58Z,d0bb9fef9a0ef26adcdd4732c9c20361bce49826f32c2892242831b8,60.16762,24.95415,000000006b44cce7,18.79
4686,2019-08-04T02:00:58Z,f088630d7476dae7d4b7e2bb1f10575f2c89acb4b6e061f3d57c2b40,60.16531,24.9442,00000000fdda10fe,25.36
4687,2019-08-04T02:00:58Z,f31f5bdb4a4c81da52b05c2e91ed700307625920f573cdcf68c91d19,60.16897,24.95222,00000000aa852af1,25.36
4688,2019-08-04T02:00:58Z,f6609ab1076b1105bb845595a03b41b8fbb282f79c337df5bbc9f841,60.14699,24.922,00000000a53ed894,14.89
4689,2019-08-04T02:00:58Z,fc4f3a44235f1cfc7b53f14ba2da599976a5a0a220d23b852688e485,60.17919,24.95181,000000007b5207b6,21.87
4690,2019-08-04T02:00:58Z,032a59647297ad5458cd75a64c6405172cebb8eb2f33b7ab5ce92c4b,60.17918,24.95141,00000000675d5200,14.89
4691,2019-08-04T02:00:58Z,046d88221ec15b64bcac02c9056c3cdd39e2ce29bc8cde90aa2d7ed9,60.16897,24.95222,00000000aa852af1,14.89
4692,2019-08-04T02:00:58Z,0486b4520285f3ca2132b986edabb7c19dfc5708a6c163ff40ed37b9,60.16448,24.97323,0000000053c6c2be,17.4
4693,2019-08-04T02:00:58Z,11acd771bb0e2f3b2f3e08a7f5e80f0f44e73a715bff0585bc669672,60.17002,24.94407,000000006b087f40,25.36
4694,2019-08-04T02:00:58Z,124a6ddd121114d11fcde48234ff0b8931d0f3fba2b00efd0948255c,60.16897,24.95222,00000000aa852af1,10.78
4695,2019-08-04T02:00:58Z,137a95acb1432cb5b163aa6e55df6f8d03cfd04b24a6938e6e4d659d,60.16762,24.95415,000000006b44cce7,1.54
4696,2019-08-04T02:00:58Z,1780f64a77699d00e2128b929079dfa4cbc3724f901639c7ca5049f1,60.16629,24.95957,00000000fb7600be,23.56
4697,2019-08-04T02:00:58Z,1dacfb371d75dd4f90f447aac2a00faad98beb4188a6971c19eb2375,60.16629,24.95957,00000000fb7600be,29.32
4698,2019-08-04T02:00:58Z,201bf4fc7952b70f96689a812948e3ad6bc7074c06604d4a1afa0b8e,60.17002,24.94407,000000006b087f40,23.56
4699,2019-08-04T02:00:58Z,2696f6a462520c8284659d993a9bf0545c2b2f278e1538f7f60dd1d3,60.17002,24.94407,000000006b087f40,12.69
4700,2019-08-04T02:00:58Z,2acdcfed6579c3f9a1683b1f56e28b2b7b75403200b054e6edd09fe7,60.1538,24.95595,0000000038bf9618,21.87
4701,2019-08-04T02:00:58Z,3846b2c6d16e1148505ccccee3bd759ac2f11b875ed06eb3e03b51f1,60.17002,24.94407,000000006b087f40,25.36
4702,2019-08-04T02:00:58Z,45f3f37f5104c27fc21a7db518e7a7f57b68709f23f02b5efa540f7a,60.14947,24.91438,000000004ef3150d,11.7
4703,2019-08-04T02:00:58Z,584cb0b0cdd14e608c8b57c8aecc9826f9b40027e365e2438a444ea2,60.16762,24.95415,000000006b44cce7,11.7
4704,2019-08-04T02:00:58Z,58b7c53decdf23347782d6442cb4349ee5312db1d5ba8da9e4c2af25,60.16762,24.95415,000000006b44cce7,18.79
4705,2019-08-04T02:00:58Z,6ff48066dbbd91fad556cf8d4584f5f79f7961521855734e82e4c187,60.16762,24.95415,000000006b44cce7,2.54
4706,2019-08-04T02:00:58Z,70cc7b0a8e166380ca0fbc55a58d9a59c9de9f05a9f95ebb82482d5a,60.16762,24.95415,000000006b44cce7,13.75
4707,2019-08-04T02:00:58Z,766fa923652ba92f13ab23349bce568d0b33dbf0ccdf7606e5e633ec,60.16531,24.9442,00000000fdda10fe,20.28
4708,2019-08-04T02:00:58Z,7a0f425ccdf5813a089dd619056db4cf41173803f079c37bab520825,60.18203,24.91341,00000000342570c2,27.28
4709,2019-08-04T02:00:58Z,7af0c77f50a36fde55c6116ce6fc95063a67a5db61e827b85739d62d,60.16762,24.95415,000000006b44cce7,16.1
4710,2019-08-04T02:00:58Z,7b91d732042030189a304f65807ba95cf9e2445e16fd7666747e7e56,60.1538,24.95595,0000000038bf9618,27.28
4711,2019-08-04T02:00:58Z,7bafc9b6f74b521018b3c6eb85088f47050dae502879caa96dcb94a6,60.1538,24.95595,0000000038bf9618,14.89
4712,2019-08-04T02:00:58Z,8b49994992a96e97c5f92629f1aca931941db8b36050ac6b25c3c67f,60.16897,24.95222,00000000aa852af1,20.28
4713,2019-08-04T02:00:58Z,908f6e55722b62d1a119a53c057da05ffa37d70f23fd89ffff5bc996,60.16829,24.94214,00000000afef4555,27.28
4714,2019-08-04T02:00:58Z,9173442e2f747f902896659a35f9782497dbe91c8c5c8e5b2c712fba,60.16897,24.95222,00000000aa852af1,9.12
4715,2019-08-04T02:00:58Z,9313086be16704612615b82b0fb0a2bac8d249cbf373b54d85a5b3f1,60.1538,24.95595,0000000038bf9618,33.81
4716,2019-08-04T02:00:58Z,94fb0519469907d303095ced8eea82b15282bbaf6df970a9d4025cb2,60.17002,24.94407,000000006b087f40,25.36
4717,2019-08-04T02:00:58Z,9885232e95a8b6b4437174be089c6af71b1fe0bddfea879d306b3041,60.17002,24.94407,000000006b087f40,16.1
4718,2019-08-04T02:00:58Z,a6ef5803703844038809924894eda35e25c165a826ee9c3f14bc41d7,60.17919,24.95181,000000007b5207b6,25.36
4719,2019-08-04T02:00:58Z,aa1d7752e4be44a55f5bfc8df2f6c278afe69b5b19b79702a22908f8,60.1538,24.95595,0000000038bf9618,29.32
4720,2019-08-04T02:00:58Z,abde1ce60ef19a41508ac1f9661c3dec611550421c09cc568ced193f,60.17002,24.94407,000000006b087f40,17.4
4721,2019-08-04T02:00:58Z,ac78fbbec502c6233c33325ba9e8b706ece976157c7a35fe3ba079b1,60.16829,24.94214,00000000afef4555,16.1
4722,2019-08-04T02:00:58Z,b38900c896751899e1c20c791610870bbbde7839746846d07481e0c7,60.16829,24.94214,00000000afef4555,9.92
4723,2019-08-04T02:00:58Z,b6b900b0eb62ba369c75a8851299367b1ebd94fbf19ccfa3d5466248,60.1538,24.95595,0000000038bf9618,29.32
4724,2019-08-04T02:00:58Z,bc07df8cc395f6f4f5d483b2233caca5f93a6918f346e4cc3702f8cc,60.16531,24.9442,00000000fdda10fe,9.12
4725,2019-08-04T02:00:58Z,d6ad6fb5be8355cc1f877358ec4f09a2ba3df7c177e331113ef376a1,60.16829,24.94214,00000000afef4555,25.36
4726,2019-08-04T02:00:58Z,dc2e0f02adb13656668baaf52c062c10202521cf47f04a2c106becdd,60.16531,24.9442,00000000fdda10fe,23.56
4727,2019-08-04T02:00:58Z,e1bc48d02d172fa89085656433b35028a10ff453a3261a2634984559,60.149,24.9843,00000000fffb8cf0,14.89
4728,2019-08-04T02:00:58Z,e30c8d515f787275f7e911287d598f569fcfc5092a203f4c001d0dc6,60.16762,24.95415,000000006b44cce7,21.87
4729,2019-08-04T02:00:58Z,e5b564cf327f7db10f48bff6a13bbcb59e968da0f12c91756dfdfc09,60.16762,24.95415,000000006b44cce7,25.36
4730,2019-08-04T02:00:58Z,e7baeb3fa75db84982c28c08efcf29a123618b687c634aae2f7a2b1a,60.16531,24.9442,00000000fdda10fe,23.56
4731,2019-08-04T02:00:58Z,ea49bed400cfd5b5b1848d20a24b7224dd6fa86e592c2c54674bde60,60.16762,24.95415,000000006b44cce7,20.28
4732,2019-08-04T02:00:58Z,ecd3f6878f10e201456713c185926a3d85ae8b5eb2484b73f155ec5a,60.16531,24.9442,00000000fdda10fe,11.7
4733,2019-08-04T02:00:58Z,ed3b2eaece7e8846b296ad5c3f195aafb7410c95a88887d845982981,60.16762,24.95415,000000006b44cce7,18.79
4734,2019-08-04T02:00:58Z,ed7af9e066cd5319038816d57c264dcad212f9eb3d48eb8897ff6a23,60.1538,24.95595,0000000038bf9618,18.79
4735,2019-08-04T02:00:58Z,f2f62de93f5e3596a61d41a7fe5f0a10b2a73b89597cc33137ff5d2f,60.16829,24.94214,00000000afef4555,23.56
4736,2019-08-04T02:00:58Z,f8273595f5e5729d41d9da6b8dd60a5b3bd34f343f1ffe267c18d619,60.16762,24.95415,000000006b44cce7,7.05
4737,2019-08-04T02:00:58Z,f9399339c3de44774896319d3f291771cebcaf2666df1d6062469882,60.16531,24.9442,00000000fdda10fe,27.28
4738,2019-08-04T02:00:58Z,fdee081029f300921f900de7b5ca558afa02840b183c6555169c26c7,60.1538,24.95595,0000000038bf9618,16.1
4739,2019-08-04T02:00:59Z,14c7e1511b70f4dd3359cbece1377aebb4d70531f5489eefe53d7c3c,60.16544,24.95398,0000000038d83d41,21.87
4740,2019-08-04T02:00:59Z,165ebbb4090d47319ae370f0d0854fdc1f6b79499f8b2e4d3c3533c0,60.16544,24.95398,0000000038d83d41,33.81
4741,2019-08-04T02:00:59Z,297c725b456ef12d2712634b21546721cbe93224d3a5762d897404f2,60.16762,24.95415,000000006b44cce7,16.1
4742,2019-08-04T02:00:59Z,3944bc7a301be7241d1f7bc4a97f221000d535ce3d8a9af9af9b23b5,60.16531,24.9442,00000000fdda10fe,29.32
4743,2019-08-04T02:00:59Z,43b676ed3aef4c2d8846694817e76117873be52e7f788e0cb366c1c4,60.16629,24.95957,00000000fb7600be,23.56
4744,2019-08-04T02:00:59Z,43ea43e1aaac8d6d523965f79fd32aa5e5942a98e66e9b6dbaf67f8d,60.16897,24.95222,00000000aa852af1,11.7
4745,2019-08-04T02:00:59Z,5bbb5184fded3e51bc78e45e39917794285e6bbc72da404802a9599a,60.16531,24.9442,00000000fdda10fe,58.17
4746,2019-08-04T02:00:59Z,5c833bdbbf1fd3a307bb37daa4021d8b3d3342b1552dcc0989fe9b16,60.16762,24.95415,000000006b44cce7,9.12
4747,2019-08-04T02:00:59Z,5d65719c4cbf045f068d084b72302f447d5fd034413d97d13be00d0e,60.18203,24.91341,00000000342570c2,18.79
4748,2019-08-04T02:00:59Z,66dabd3229229330d23c70e9e1737429ddfe69db01f4a6a00f70fa20,60.16762,24.95415,000000006b44cce7,23.56
4749,2019-08-04T02:00:59Z,6a70e2fbced719333e21eff04fcb9cb36bae9a04d1a3d6ddd96f2c58,60.15432,24.9211,0000000019fb59c4,20.28
4750,2019-08-04T02:00:59Z,6c4c3fd8fa1c46dafdf6c420406a7ed41d85ebbdee767b1937ce6af0,60.16762,24.95415,000000006b44cce7,23.56
4751,2019-08-04T02:00:59Z,6f06341f358e61699fe1e55e986dd0554bc8da28b91daf0c5ad99db6,60.16629,24.95957,00000000fb7600be,27.28
4752,2019-08-04T02:00:59Z,747f2d1ebff218c0ebbdc0fdaef4cbe56633dfb46ae1b1f8c8142201,60.16762,24.95415,000000006b44cce7,12.69
4753,2019-08-04T02:00:59Z,79f136afa0dd8717337c01c70b457c464aaf0fa25b440f51a394ec23,60.16762,24.95415,000000006b44cce7,13.75
4754,2019-08-04T02:00:59Z,7de75f59d3110cdf6e742fba9785ed0399f83ea50e4c5d255adb21ff,60.16897,24.95222,00000000aa852af1,33.81
4755,2019-08-04T02:00:59Z,87dfaad29a9276ddddb1fa021d3bc23ad14824c1af16f7d87e713689,60.14951,24.92138,0000000006dd41f6,11.7
4756,2019-08-04T02:00:59Z,89982a6acf91b79a282a6b63978e946ee205f303fcd20e944e06baf0,60.16544,24.95398,0000000038d83d41,17.4
4757,2019-08-04T02:00:59Z,8c75c3289c84fe4493e1e272a77b615fe1985880c5dc68a7c1a17b53,60.16762,24.95415,000000006b44cce7,14.89
4758,2019-08-04T02:00:59Z,9041c42fbb1cf987ee209454d6f5fab418a20e06fd7625460be30fa6,60.16531,24.9442,00000000fdda10fe,31.5
4759,2019-08-04T02:00:59Z,96c0705b3062754c4e9afc471e280530de69c8820bac642f30d4022b,60.16762,24.95415,000000006b44cce7,18.79
4760,2019-08-04T02:00:59Z,a3b4b2c08d30b2cbabe32fd49bcbb4f45f50a3f0b0e74f856bedb831,60.16762,24.95415,000000006b44cce7,17.4
4761,2019-08-04T02:00:59Z,a91d379a4b57c5df22db0d7a041ff69f657b4b31f28554b1011fc03c,60.16544,24.95398,0000000038d83d41,25.36
4762,2019-08-04T02:00:59Z,b33ae7715d6d2571066655c2c8954a5a364b5601869047de83410d9f,60.16629,24.95957,00000000fb7600be,17.4
4763,2019-08-04T02:00:59Z,b5fd6b317890e5ab2d79e2cd1abe61626d45a753c7337d0d40728898,60.16762,24.95415,000000006b44cce7,7.69
4764,2019-08-04T02:00:59Z,c40c37def6bf11a63a2556519a7c6233fd417cdeea2cf14f28e7c42c,60.16531,24.9442,00000000fdda10fe,23.56
4765,2019-08-04T02:00:59Z,c578a1f266f1ac8f40756ab095d6d81719f90b3a1d4c4808f72ce963,60.14951,24.92138,0000000006dd41f6,29.32
4766,2019-08-04T02:00:59Z,c9cb2b9de2b21abecad29584393bea94a97f282f234f310e2468d7a7,60.16075,24.95883,00000000f1124bca,25.36
4767,2019-08-04T02:00:59Z,cf05623e4d87ce0906c0b0b7dbf53aacc1228016cd27c341228b6e76,60.18203,24.91341,00000000342570c2,38.87
4768,2019-08-04T02:00:59Z,d3a7551bf49985224896e28a8242dbfe20c7a5e4642726a7febfce7b,60.17002,24.94407,000000006b087f40,27.28
4769,2019-08-04T02:00:59Z,f088630d7476dae7d4b7e2bb1f10575f2c89acb4b6e061f3d57c2b40,60.16531,24.9442,00000000fdda10fe,25.36
4770,2019-08-04T02:00:59Z,f1baf2e6f8f8efc9540b843a94791574ccbcb6268d9607cca31510af,60.16762,24.95415,000000006b44cce7,20.28
4771,2019-08-04T02:00:59Z,f31f5bdb4a4c81da52b05c2e91ed700307625920f573cdcf68c91d19,60.16897,24.95222,00000000aa852af1,31.5
4772,2019-08-04T02:00:59Z,f6609ab1076b1105bb845595a03b41b8fbb282f79c337df5bbc9f841,60.14699,24.922,00000000a53ed894,16.1
4773,2019-08-04T02:00:59Z,fc4f3a44235f1cfc7b53f14ba2da599976a5a0a220d23b852688e485,60.17919,24.95181,000000007b5207b6,20.28
4774,2019-08-04T02:00:59Z,032a59647297ad5458cd75a64c6405172cebb8eb2f33b7ab5ce92c4b,60.17918,24.95141,00000000675d5200,13.75
4775,2019-08-04T02:00:59Z,046d88221ec15b64bcac02c9056c3cdd39e2ce29bc8cde90aa2d7ed9,60.16897,24.95222,00000000aa852af1,16.1
4776,2019-08-04T02:00:59Z,11acd771bb0e2f3b2f3e08a7f5e80f0f44e73a715bff0585bc669672,60.17002,24.94407,000000006b087f40,38.87
4777,2019-08-04T02:00:59Z,124a6ddd121114d11fcde48234ff0b8931d0f3fba2b00efd0948255c,60.16897,24.95222,00000000aa852af1,10.78
4778,2019-08-04T02:00:59Z,137a95acb1432cb5b163aa6e55df6f8d03cfd04b24a6938e6e4d659d,60.16762,24.95415,000000006b44cce7,2.8
4779,2019-08-04T02:00:59Z,1780f64a77699d00e2128b929079dfa4cbc3724f901639c7ca5049f1,60.16629,24.95957,00000000fb7600be,25.36
4780,2019-08-04T02:00:59Z,1dacfb371d75dd4f90f447aac2a00faad98beb4188a6971c19eb2375,60.16629,24.95957,00000000fb7600be,27.28
4781,2019-08-04T02:00:59Z,2696f6a462520c8284659d993a9bf0545c2b2f278e1538f7f60dd1d3,60.17002,24.94407,000000006b087f40,12.69
4782,2019-08-04T02:00:59Z,30fa308b62f0b2690eb8de9a8dcd711bb02917322258ed95a7c50362,60.17002,24.94407,000000006b087f40,29.32
4783,2019-08-04T02:00:59Z,3846b2c6d16e1148505ccccee3bd759ac2f11b875ed06eb3e03b51f1,60.17002,24.94407,000000006b087f40,38.87
4784,2019-08-04T02:00:59Z,406c8df3855d308047a12843434f2fac7dc6a2dba12c20edbdf06606,60.1538,24.95595,0000000038bf9618,8.38
4785,2019-08-04T02:00:59Z,45f3f37f5104c27fc21a7db518e7a7f57b68709f23f02b5efa540f7a,60.14947,24.91438,000000004ef3150d,9.92
4786,2019-08-04T02:00:59Z,47de555c057bf55633de335cbcd553c3ed54cb6937bf717f3e9c2098,60.1538,24.95595,0000000038bf9618,29.32
4787,2019-08-04T02:00:59Z,4c3b8a7c738751ab5f9248766749e3c897b23514b294f34880eff55a,60.16897,24.95222,00000000aa852af1,20.28
4788,2019-08-04T02:00:59Z,584cb0b0cdd14e608c8b57c8aecc9826f9b40027e365e2438a444ea2,60.16762,24.95415,000000006b44cce7,13.75
4789,2019-08-04T02:00:59Z,5a089a2b4bb3f5a34f57f2dcafd1462570fa59744c22e9b00735e8c6,60.1538,24.95595,0000000038bf9618,29.32
4790,2019-08-04T02:00:59Z,6ff48066dbbd91fad556cf8d4584f5f79f7961521855734e82e4c187,60.16762,24.95415,000000006b44cce7,1.88
4791,2019-08-04T02:00:59Z,70cc7b0a8e166380ca0fbc55a58d9a59c9de9f05a9f95ebb82482d5a,60.16762,24.95415,000000006b44cce7,10.78
4792,2019-08-04T02:00:59Z,766fa923652ba92f13ab23349bce568d0b33dbf0ccdf7606e5e633ec,60.16531,24.9442,00000000fdda10fe,18.79
4793,2019-08-04T02:00:59Z,7b91d732042030189a304f65807ba95cf9e2445e16fd7666747e7e56,60.1538,24.95595,0000000038bf9618,47.69
4794,2019-08-04T02:00:59Z,7bafc9b6f74b521018b3c6eb85088f47050dae502879caa96dcb94a6,60.1538,24.95595,0000000038bf9618,21.87
4795,2019-08-04T02:00:59Z,8b49994992a96e97c5f92629f1aca931941db8b36050ac6b25c3c67f,60.16897,24.95222,00000000aa852af1,9.92
4796,2019-08-04T02:00:59Z,908f6e55722b62d1a119a53c057da05ffa37d70f23fd89ffff5bc996,60.16829,24.94214,00000000afef4555,18.79
4797,2019-08-04T02:00:59Z,9173442e2f747f902896659a35f9782497dbe91c8c5c8e5b2c712fba,60.16897,24.95222,00000000aa852af1,11.7
4798,2019-08-04T02:00:59Z,9313086be16704612615b82b0fb0a2bac8d249cbf373b54d85a5b3f1,60.1538,24.95595,0000000038bf9618,33.81
4799,2019-08-04T02:00:59Z,94fb0519469907d303095ced8eea82b15282bbaf6df970a9d4025cb2,60.17002,24.94407,000000006b087f40,21.87
4800,2019-08-04T02:00:59Z,9885232e95a8b6b4437174be089c6af71b1fe0bddfea879d306b3041,60.17002,24.94407,000000006b087f40,16.1
4801,2019-08-04T02:00:59Z,9d713c9ce415e473048b45bbb35d6dcdef35cabaca39aa54f2e781a3,60.16531,24.9442,00000000fdda10fe,50.98
4802,2019-08-04T02:00:59Z,a6ef5803703844038809924894eda35e25c165a826ee9c3f14bc41d7,60.17919,24.95181,000000007b5207b6,16.1
4803,2019-08-04T02:00:59Z,aa1d7752e4be44a55f5bfc8df2f6c278afe69b5b19b79702a22908f8,60.1538,24.95595,0000000038bf9618,17.4
4804,2019-08-04T02:00:59Z,abde1ce60ef19a41508ac1f9661c3dec611550421c09cc568ced193f,60.17002,24.94407,000000006b087f40,13.75
4805,2019-08-04T02:00:59Z,ac78fbbec502c6233c33325ba9e8b706ece976157c7a35fe3ba079b1,60.16829,24.94214,00000000afef4555,31.5
4806,2019-08-04T02:00:59Z,b38900c896751899e1c20c791610870bbbde7839746846d07481e0c7,60.16829,24.94214,00000000afef4555,12.69
4807,2019-08-04T02:00:59Z,b6b900b0eb62ba369c75a8851299367b1ebd94fbf19ccfa3d5466248,60.1538,24.95595,0000000038bf9618,23.56
4808,2019-08-04T02:00:59Z,bc07df8cc395f6f4f5d483b2233caca5f93a6918f346e4cc3702f8cc,60.16531,24.9442,00000000fdda10fe,7.05
4809,2019-08-04T02:00:59Z,c0a0ca3433586ed2ae0e448f2406fabac7292ac79d49562e0bd5cef8,60.16762,24.95415,000000006b44cce7,13.75
4810,2019-08-04T02:00:59Z,d00f32677e342c7dcb88c9fa30272e08ec9a4f49d8006dffbf598a03,60.16762,24.95415,000000006b44cce7,21.87
4811,2019-08-04T02:00:59Z,dc2e0f02adb13656668baaf52c062c10202521cf47f04a2c106becdd,60.16531,24.9442,00000000fdda10fe,17.4
4812,2019-08-04T02:00:59Z,e1bc48d02d172fa89085656433b35028a10ff453a3261a2634984559,60.149,24.9843,00000000fffb8cf0,14.89
4813,2019-08-04T02:00:59Z,e30c8d515f787275f7e911287d598f569fcfc5092a203f4c001d0dc6,60.16762,24.95415,000000006b44cce7,18.79
4814,2019-08-04T02:00:59Z,ea49bed400cfd5b5b1848d20a24b7224dd6fa86e592c2c54674bde60,60.16762,24.95415,000000006b44cce7,20.28
4815,2019-08-04T02:00:59Z,ecd3f6878f10e201456713c185926a3d85ae8b5eb2484b73f155ec5a,60.16531,24.9442,00000000fdda10fe,9.92
4816,2019-08-04T02:00:59Z,ed7af9e066cd5319038816d57c264dcad212f9eb3d48eb8897ff6a23,60.1538,24.95595,0000000038bf9618,44.58
4817,2019-08-04T02:00:59Z,f8273595f5e5729d41d9da6b8dd60a5b3bd34f343f1ffe267c18d619,60.16762,24.95415,000000006b44cce7,10.78
4818,2019-08-04T02:00:59Z,fdee081029f300921f900de7b5ca558afa02840b183c6555169c26c7,60.1538,24.95595,0000000038bf9618,29.32
4819,2019-08-04T02:01:00Z,14c7e1511b70f4dd3359cbece1377aebb4d70531f5489eefe53d7c3c,60.16544,24.95398,0000000038d83d41,17.4
4820,2019-08-04T02:01:00Z,165ebbb4090d47319ae370f0d0854fdc1f6b79499f8b2e4d3c3533c0,60.16544,24.95398,0000000038d83d41,27.28
4821,2019-08-04T02:01:00Z,26926e4be2b08babaa561e74c2b488d25d4441f931b0695977758f63,60.14951,24.92138,0000000006dd41f6,25.36
4822,2019-08-04T02:01:00Z,297c725b456ef12d2712634b21546721cbe93224d3a5762d897404f2,60.16762,24.95415,000000006b44cce7,10.78
4823,2019-08-04T02:01:00Z,3944bc7a301be7241d1f7bc4a97f221000d535ce3d8a9af9af9b23b5,60.16531,24.9442,00000000fdda10fe,29.32
4824,2019-08-04T02:01:00Z,43b676ed3aef4c2d8846694817e76117873be52e7f788e0cb366c1c4,60.16629,24.95957,00000000fb7600be,27.28
4825,2019-08-04T02:01:00Z,43ea43e1aaac8d6d523965f79fd32aa5e5942a98e66e9b6dbaf67f8d,60.16897,24.95222,00000000aa852af1,27.28
4826,2019-08-04T02:01:00Z,5bbb5184fded3e51bc78e45e39917794285e6bbc72da404802a9599a,60.16531,24.9442,00000000fdda10fe,20.28
4827,2019-08-04T02:01:00Z,5c833bdbbf1fd3a307bb37daa4021d8b3d3342b1552dcc0989fe9b16,60.16762,24.95415,000000006b44cce7,9.92
4828,2019-08-04T02:01:00Z,5d65719c4cbf045f068d084b72302f447d5fd034413d97d13be00d0e,60.18203,24.91341,00000000342570c2,16.1
4829,2019-08-04T02:01:00Z,6066632ddc94b5c482a2d4f45ed2532e55e3fd63e414a084a596a737,60.16762,24.95415,000000006b44cce7,21.87
4830,2019-08-04T02:01:00Z,66dabd3229229330d23c70e9e1737429ddfe69db01f4a6a00f70fa20,60.16762,24.95415,000000006b44cce7,18.79
4831,2019-08-04T02:01:00Z,6a70e2fbced719333e21eff04fcb9cb36bae9a04d1a3d6ddd96f2c58,60.15432,24.9211,0000000019fb59c4,18.79
4832,2019-08-04T02:01:00Z,6c4c3fd8fa1c46dafdf6c420406a7ed41d85ebbdee767b1937ce6af0,60.16762,24.95415,000000006b44cce7,23.56
4833,2019-08-04T02:01:00Z,6ff437688c444238352c28f64f9d2a7d0f14d19c9ea42c225380501e,60.16762,24.95415,000000006b44cce7,21.87
4834,2019-08-04T02:01:00Z,747f2d1ebff218c0ebbdc0fdaef4cbe56633dfb46ae1b1f8c8142201,60.16762,24.95415,000000006b44cce7,14.89
4835,2019-08-04T02:01:00Z,7de75f59d3110cdf6e742fba9785ed0399f83ea50e4c5d255adb21ff,60.16897,24.95222,00000000aa852af1,21.87
4836,2019-08-04T02:01:00Z,87dfaad29a9276ddddb1fa021d3bc23ad14824c1af16f7d87e713689,60.14951,24.92138,0000000006dd41f6,12.69
4837,2019-08-04T02:01:00Z,89982a6acf91b79a282a6b63978e946ee205f303fcd20e944e06baf0,60.16544,24.95398,0000000038d83d41,21.87
4838,2019-08-04T02:01:00Z,8b0535dd90c15c8fd1b256e7a48369741b0fe9d58f8f05f6e46134b7,60.16544,24.95398,0000000038d83d41,29.32
4839,2019-08-04T02:01:00Z,8c75c3289c84fe4493e1e272a77b615fe1985880c5dc68a7c1a17b53,60.16762,24.95415,000000006b44cce7,10.78
4840,2019-08-04T02:01:00Z,91d3b80de4439a4a49ddb8a04d72a0a2ec6c08f351d70232842af567,60.16762,24.95415,000000006b44cce7,25.36
4841,2019-08-04T02:01:00Z,94305981fc006eedb612f0981b0f33607e4a9335378b7f22994c32fa,60.17002,24.94407,000000006b087f40,29.32
4842,2019-08-04T02:01:00Z,96c0705b3062754c4e9afc471e280530de69c8820bac642f30d4022b,60.16762,24.95415,000000006b44cce7,20.28
4843,2019-08-04T02:01:00Z,a3a21ef15e1883941a7ed2eb6150357ae068aa4b0b6ce6ca0482ea3a,60.1538,24.95595,0000000038bf9618,31.5
4844,2019-08-04T02:01:00Z,a3b4b2c08d30b2cbabe32fd49bcbb4f45f50a3f0b0e74f856bedb831,60.16762,24.95415,000000006b44cce7,12.69
4845,2019-08-04T02:01:00Z,a91d379a4b57c5df22db0d7a041ff69f657b4b31f28554b1011fc03c,60.16544,24.95398,0000000038d83d41,25.36
4846,2019-08-04T02:01:00Z,b5fd6b317890e5ab2d79e2cd1abe61626d45a753c7337d0d40728898,60.16762,24.95415,000000006b44cce7,8.38
4847,2019-08-04T02:01:00Z,c578a1f266f1ac8f40756ab095d6d81719f90b3a1d4c4808f72ce963,60.14951,24.92138,0000000006dd41f6,29.32
4848,2019-08-04T02:01:00Z,c9cb2b9de2b21abecad29584393bea94a97f282f234f310e2468d7a7,60.16075,24.95883,00000000f1124bca,25.36
4849,2019-08-04T02:01:00Z,cf05623e4d87ce0906c0b0b7dbf53aacc1228016cd27c341228b6e76,60.18203,24.91341,00000000342570c2,17.4
4850,2019-08-04T02:01:00Z,d0bb9fef9a0ef26adcdd4732c9c20361bce49826f32c2892242831b8,60.16762,24.95415,000000006b44cce7,21.87
4851,2019-08-04T02:01:00Z,f088630d7476dae7d4b7e2bb1f10575f2c89acb4b6e061f3d57c2b40,60.16531,24.9442,00000000fdda10fe,21.87
4852,2019-08-04T02:01:00Z,f6609ab1076b1105bb845595a03b41b8fbb282f79c337df5bbc9f841,60.14699,24.922,00000000a53ed894,11.7
4853,2019-08-04T02:01:00Z,fc4f3a44235f1cfc7b53f14ba2da599976a5a0a220d23b852688e485,60.17919,24.95181,000000007b5207b6,16.1
4854,2019-08-04T02:01:00Z,032a59647297ad5458cd75a64c6405172cebb8eb2f33b7ab5ce92c4b,60.17918,24.95141,00000000675d5200,29.32
4855,2019-08-04T02:01:00Z,046d88221ec15b64bcac02c9056c3cdd39e2ce29bc8cde90aa2d7ed9,60.16897,24.95222,00000000aa852af1,16.1
4856,2019-08-04T02:01:00Z,137a95acb1432cb5b163aa6e55df6f8d03cfd04b24a6938e6e4d659d,60.16762,24.95415,000000006b44cce7,4.94
4857,2019-08-04T02:01:00Z,1780f64a77699d00e2128b929079dfa4cbc3724f901639c7ca5049f1,60.16629,24.95957,00000000fb7600be,17.4
4858,2019-08-04T02:01:00Z,201bf4fc7952b70f96689a812948e3ad6bc7074c06604d4a1afa0b8e,60.17002,24.94407,000000006b087f40,18.79
4859,2019-08-04T02:01:00Z,2696f6a462520c8284659d993a9bf0545c2b2f278e1538f7f60dd1d3,60.17002,24.94407,000000006b087f40,9.92
4860,2019-08-04T02:01:00Z,30fa308b62f0b2690eb8de9a8dcd711bb02917322258ed95a7c50362,60.17002,24.94407,000000006b087f40,18.79
4861,2019-08-04T02:01:00Z,45f3f37f5104c27fc21a7db518e7a7f57b68709f23f02b5efa540f7a,60.14947,24.91438,000000004ef3150d,9.12
4862,2019-08-04T02:01:00Z,47de555c057bf55633de335cbcd553c3ed54cb6937bf717f3e9c2098,60.1538,24.95595,0000000038bf9618,29.32
4863,2019-08-04T02:01:00Z,584cb0b0cdd14e608c8b57c8aecc9826f9b40027e365e2438a444ea2,60.16762,24.95415,000000006b44cce7,9.92
4864,2019-08-04T02:01:00Z,6ff48066dbbd91fad556cf8d4584f5f79f7961521855734e82e4c187,60.16762,24.95415,000000006b44cce7,3.74
4865,2019-08-04T02:01:00Z,766fa923652ba92f13ab23349bce568d0b33dbf0ccdf7606e5e633ec,60.16531,24.9442,00000000fdda10fe,4.5
4866,2019-08-04T02:01:00Z,7af0c77f50a36fde55c6116ce6fc95063a67a5db61e827b85739d62d,60.16762,24.95415,000000006b44cce7,13.75
4867,2019-08-04T02:01:00Z,7b91d732042030189a304f65807ba95cf9e2445e16fd7666747e7e56,60.1538,24.95595,0000000038bf9618,25.36
4868,2019-08-04T02:01:00Z,8b49994992a96e97c5f92629f1aca931941db8b36050ac6b25c3c67f,60.16897,24.95222,00000000aa852af1,17.4
4869,2019-08-04T02:01:00Z,9173442e2f747f902896659a35f9782497dbe91c8c5c8e5b2c712fba,60.16897,24.95222,00000000aa852af1,11.7
4870,2019-08-04T02:01:00Z,9313086be16704612615b82b0fb0a2bac8d249cbf373b54d85a5b3f1,60.1538,24.95595,0000000038bf9618,36.27
4871,2019-08-04T02:01:00Z,9885232e95a8b6b4437174be089c6af71b1fe0bddfea879d306b3041,60.17002,24.94407,000000006b087f40,18.79
4872,2019-08-04T02:01:00Z,9aa6011401452463ec819f07785394855c0b49c418b8e19d5fc768df,60.1538,24.95595,0000000038bf9618,41.64
4873,2019-08-04T02:01:00Z,a6ef5803703844038809924894eda35e25c165a826ee9c3f14bc41d7,60.17918,24.95141,00000000675d5200,7.05
4874,2019-08-04T02:01:00Z,aa1d7752e4be44a55f5bfc8df2f6c278afe69b5b19b79702a22908f8,60.1538,24.95595,0000000038bf9618,23.56
4875,2019-08-04T02:01:00Z,abde1ce60ef19a41508ac1f9661c3dec611550421c09cc568ced193f,60.17002,24.94407,000000006b087f40,12.69
4876,2019-08-04T02:01:00Z,ac78fbbec502c6233c33325ba9e8b706ece976157c7a35fe3ba079b1,60.16829,24.94214,00000000afef4555,33.81
4877,2019-08-04T02:01:00Z,b38900c896751899e1c20c791610870bbbde7839746846d07481e0c7,60.16829,24.94214,00000000afef4555,12.69
4878,2019-08-04T02:01:00Z,b6b900b0eb62ba369c75a8851299367b1ebd94fbf19ccfa3d5466248,60.1538,24.95595,0000000038bf9618,25.36
4879,2019-08-04T02:01:00Z,bc07df8cc395f6f4f5d483b2233caca5f93a6918f346e4cc3702f8cc,60.16531,24.9442,00000000fdda10fe,9.92
4880,2019-08-04T02:01:00Z,c0a0ca3433586ed2ae0e448f2406fabac7292ac79d49562e0bd5cef8,60.16762,24.95415,000000006b44cce7,12.69
4881,2019-08-04T02:01:00Z,d00f32677e342c7dcb88c9fa30272e08ec9a4f49d8006dffbf598a03,60.16762,24.95415,000000006b44cce7,25.36
4882,2019-08-04T02:01:00Z,d17bc814add0729ea537e178eab4c1fea83fe4530da86d8d54ddb046,60.16544,24.95398,0000000038d83d41,25.36
4883,2019-08-04T02:01:00Z,dc2e0f02adb13656668baaf52c062c10202521cf47f04a2c106becdd,60.16531,24.9442,00000000fdda10fe,12.69
4884,2019-08-04T02:01:00Z,e1bc48d02d172fa89085656433b35028a10ff453a3261a2634984559,60.149,24.9843,00000000fffb8cf0,16.1
4885,2019-08-04T02:01:00Z,e66dee158121004b2a8098c673bc0d10944147d07f5f738cb9dd32be,60.16829,24.94214,00000000afef4555,25.36
4886,2019-08-04T02:01:00Z,e8e8a9de5f61b99c3112c21d7e04620774bb5b9c615ec741aa5e8f66,60.1538,24.95595,0000000038bf9618,27.28
4887,2019-08-04T02:01:00Z,ecd3f6878f10e201456713c185926a3d85ae8b5eb2484b73f155ec5a,60.16531,24.9442,00000000fdda10fe,9.92
4888,2019-08-04T02:01:00Z,ed3b2eaece7e8846b296ad5c3f195aafb7410c95a88887d845982981,60.16762,24.95415,000000006b44cce7,18.79
4889,2019-08-04T02:01:00Z,ed7af9e066cd5319038816d57c264dcad212f9eb3d48eb8897ff6a23,60.1538,24.95595,0000000038bf9618,25.36
4890,2019-08-04T02:01:00Z,f8273595f5e5729d41d9da6b8dd60a5b3bd34f343f1ffe267c18d619,60.16762,24.95415,000000006b44cce7,9.12
4891,2019-08-04T02:01:00Z,f9399339c3de44774896319d3f291771cebcaf2666df1d6062469882,60.16531,24.9442,00000000fdda10fe,36.27
